,0
0,1.0
1,14.0
2,2.0
3,3.0
4,1.0
5,7.0
6,0.0
7,1.0
8,5.0
9,24.0
10,3.0
11,6.0
12,9.0
13,12.0
14,12.0
15,1.0
16,15.0
17,7.0
18,16.0
19,0.0
20,1.0
21,4.0
22,0.0
23,2.0
24,24.0
25,0.0
26,1.0
27,48.0
28,41.0
29,15.0
30,0.0
31,2.0
32,2.0
33,35.0
34,48.0
35,2.0
36,0.0
37,1.0
38,15.0
39,34.0
40,4.0
41,2.0
42,3.0
43,15.0
44,15.0
45,2.0
46,2.0
47,23.0
48,157.0
49,1.0
50,8.0
51,16.0
52,1.0
53,3.0
54,0.0
55,2.0
56,3.0
57,3.0
58,40.0
59,201.0
60,14.0
61,1.0
62,29.0
63,2.0
64,1.0
65,4.0
66,91.0
67,1.0
68,5.0
69,1.0
70,0.0
71,1.0
72,12.0
73,1.0
74,8.0
75,5.0
76,1.0
77,1.0
78,1.0
79,22.0
80,3.0
81,0.0
82,0.0
83,3.0
84,0.0
85,1.0
86,1.0
87,1.0
88,10.0
89,1.0
90,2.0
91,2.0
92,15.0
93,6.0
94,150.0
95,3.0
96,0.0
97,0.0
98,9.0
99,0.0
100,3.0
101,29.0
102,10.0
103,5.0
104,2.0
105,1.0
106,0.0
107,0.0
108,23.0
109,3.0
110,21.0
111,2.0
112,0.0
113,3.0
114,1.0
115,2.0
116,0.0
117,2.0
118,6.0
119,3.0
120,4.0
121,1.0
122,6.0
123,3.0
124,5.0
125,72.0
126,21.0
127,1.0
128,3.0
129,0.0
130,2.0
131,2.0
132,13.0
133,14.0
134,1.0
135,3.0
136,0.0
137,3.0
138,1.0
139,37.0
140,21.0
141,2.0
142,1.0
143,17.0
144,87.0
145,8.0
146,1.0
147,7.0
148,29.0
149,2.0
150,2.0
151,7.0
152,2.0
153,33.0
154,2.0
155,20.0
156,2.0
157,0.0
158,2.0
159,4.0
160,95.0
161,2.0
162,2.0
163,19.0
164,4.0
165,0.0
166,2.0
167,2.0
168,0.0
169,14.0
170,1.0
171,0.0
172,4.0
173,6.0
174,6.0
175,2.0
176,2.0
177,5.0
178,6.0
179,0.0
180,2.0
181,156.0
182,1.0
183,1.0
184,20.0
185,3.0
186,1.0
187,3.0
188,244.0
189,0.0
190,1.0
191,4.0
192,5.0
193,0.0
194,10.0
195,0.0
196,2.0
197,12.0
198,19.0
199,29.0
200,5.0
201,1.0
202,6.0
203,2.0
204,6.0
205,2.0
206,30.0
207,2.0
208,1.0
209,3.0
210,5.0
211,0.0
212,13.0
213,7.0
214,0.0
215,17.0
216,11.0
217,42.0
218,2.0
219,1.0
220,0.0
221,1.0
222,4.0
223,2.0
224,1.0
225,17.0
226,1.0
227,4.0
228,1.0
229,1.0
230,1.0
231,4.0
232,1.0
233,40.0
234,1.0
235,3.0
236,1.0
237,0.0
238,4.0
239,1.0
240,5.0
241,9.0
242,0.0
243,0.0
244,0.0
245,0.0
246,44.0
247,15.0
248,25.0
249,1.0
250,3.0
251,13.0
252,7.0
253,18.0
254,3.0
255,3.0
256,0.0
257,10.0
258,33.0
259,0.0
260,2.0
261,10.0
262,11.0
263,1.0
264,6.0
265,2.0
266,5.0
267,2.0
268,6.0
269,1.0
270,1.0
271,4.0
272,7.0
273,0.0
274,3.0
275,4.0
276,8.0
277,0.0
278,17.0
279,11.0
280,21.0
281,12.0
282,5.0
283,5.0
284,12.0
285,4.0
286,3.0
287,0.0
288,2.0
289,3.0
290,26.0
291,30.0
292,0.0
293,21.0
294,3.0
295,2.0
296,2.0
297,0.0
298,3.0
299,25.0
300,1.0
301,2.0
302,0.0
303,3.0
304,7.0
305,17.0
306,0.0
307,0.0
308,2.0
309,0.0
310,2.0
311,0.0
312,9.0
313,12.0
314,1.0
315,0.0
316,11.0
317,15.0
318,26.0
319,1.0
320,62.0
321,0.0
322,61.0
323,1.0
324,1.0
325,34.0
326,12.0
327,35.0
328,9.0
329,4.0
330,6.0
331,17.0
332,0.0
333,5.0
334,6.0
335,0.0
336,36.0
337,1.0
338,0.0
339,7.0
340,1.0
341,2.0
342,46.0
343,2.0
344,6.0
345,4.0
346,2.0
347,22.0
348,18.0
349,5.0
350,1.0
351,17.0
352,6.0
353,4.0
354,2.0
355,0.0
356,2.0
357,1.0
358,7.0
359,2.0
360,6.0
361,0.0
362,3.0
363,9.0
364,217.0
365,0.0
366,7.0
367,6.0
368,0.0
369,12.0
370,8.0
371,10.0
372,7.0
373,3.0
374,0.0
375,84.0
376,28.0
377,48.0
378,2.0
379,5.0
380,22.0
381,9.0
382,0.0
383,0.0
384,1.0
385,2.0
386,1.0
387,1.0
388,76.0
389,3.0
390,1.0
391,136.0
392,7.0
393,4.0
394,2.0
395,2.0
396,6.0
397,7.0
398,4.0
399,17.0
400,1.0
401,44.0
402,5.0
403,1.0
404,0.0
405,8.0
406,1.0
407,7.0
408,0.0
409,1.0
410,1.0
411,0.0
412,9.0
413,3.0
414,2.0
415,4.0
416,10.0
417,0.0
418,4.0
419,3.0
420,172.0
421,9.0
422,1.0
423,12.0
424,2.0
425,0.0
426,7.0
427,1.0
428,28.0
429,1.0
430,17.0
431,2.0
432,17.0
433,3.0
434,6.0
435,1.0
436,3.0
437,4.0
438,1.0
439,17.0
440,0.0
441,1.0
442,4.0
443,8.0
444,4.0
445,23.0
446,3.0
447,5.0
448,21.0
449,2.0
450,0.0
451,1.0
452,5.0
453,2.0
454,1.0
455,0.0
456,2.0
457,1.0
458,1.0
459,6.0
460,1.0
461,0.0
462,4.0
463,4.0
464,87.0
465,0.0
466,17.0
467,3.0
468,17.0
469,1.0
470,1.0
471,1.0
472,5.0
473,18.0
474,5.0
475,2.0
476,0.0
477,4.0
478,62.0
479,1.0
480,6.0
481,1.0
482,1.0
483,48.0
484,0.0
485,1.0
486,1.0
487,9.0
488,3.0
489,8.0
490,2.0
491,13.0
492,1.0
493,156.0
494,8.0
495,1.0
496,648.0
497,0.0
498,5.0
499,26.0
500,1.0
501,2.0
502,0.0
503,6.0
504,12.0
505,1.0
506,5.0
507,2.0
508,1.0
509,4.0
510,3.0
511,0.0
512,0.0
513,0.0
514,32.0
515,7.0
516,1.0
517,4.0
518,1.0
519,1.0
520,1.0
521,0.0
522,0.0
523,70.0
524,24.0
525,0.0
526,3.0
527,2.0
528,9.0
529,7.0
530,1.0
531,5.0
532,0.0
533,5.0
534,4.0
535,3.0
536,0.0
537,7.0
538,1.0
539,12.0
540,8.0
541,2.0
542,0.0
543,0.0
544,1.0
545,37.0
546,0.0
547,2.0
548,2.0
549,1.0
550,0.0
551,248.0
552,5.0
553,3.0
554,1.0
555,3.0
556,2.0
557,4.0
558,28.0
559,4.0
560,6.0
561,2.0
562,1.0
563,1.0
564,18.0
565,0.0
566,2.0
567,0.0
568,1.0
569,1.0
570,38.0
571,2.0
572,11.0
573,13.0
574,17.0
575,9.0
576,3.0
577,16.0
578,5.0
579,3.0
580,2.0
581,15.0
582,1.0
583,0.0
584,8.0
585,13.0
586,2.0
587,11.0
588,2.0
589,4.0
590,7.0
591,3.0
592,0.0
593,23.0
594,7.0
595,1.0
596,7.0
597,1.0
598,0.0
599,1.0
600,0.0
601,4.0
602,10.0
603,1.0
604,3.0
605,7.0
606,0.0
607,6.0
608,35.0
609,5.0
610,5.0
611,0.0
612,0.0
613,1.0
614,32.0
615,0.0
616,0.0
617,1.0
618,5.0
619,79.0
620,1.0
621,33.0
622,17.0
623,2.0
624,2.0
625,0.0
626,7.0
627,3.0
628,4.0
629,3.0
630,33.0
631,2.0
632,1.0
633,9.0
634,0.0
635,0.0
636,33.0
637,2.0
638,13.0
639,0.0
640,1.0
641,4.0
642,18.0
643,4.0
644,4.0
645,1.0
646,44.0
647,7.0
648,51.0
649,3.0
650,1.0
651,1.0
652,9.0
653,5.0
654,6.0
655,0.0
656,3.0
657,2.0
658,8.0
659,58.0
660,2.0
661,2.0
662,4.0
663,17.0
664,1.0
665,5.0
666,2.0
667,12.0
668,1.0
669,18.0
670,1.0
671,0.0
672,2.0
673,6.0
674,2.0
675,1.0
676,1.0
677,0.0
678,8.0
679,2.0
680,10.0
681,3.0
682,0.0
683,3.0
684,4.0
685,2.0
686,3.0
687,1.0
688,0.0
689,15.0
690,1.0
691,2.0
692,1.0
693,3.0
694,8.0
695,12.0
696,10.0
697,7.0
698,2.0
699,1.0
700,9.0
701,6.0
702,3.0
703,0.0
704,1.0
705,3.0
706,3.0
707,3.0
708,30.0
709,8.0
710,2.0
711,2.0
712,54.0
713,1.0
714,0.0
715,5.0
716,4.0
717,0.0
718,130.0
719,5.0
720,2.0
721,0.0
722,1.0
723,1.0
724,0.0
725,0.0
726,2.0
727,0.0
728,4.0
729,4.0
730,6.0
731,8.0
732,11.0
733,1.0
734,3.0
735,1.0
736,1.0
737,6.0
738,2.0
739,2.0
740,1.0
741,0.0
742,6.0
743,9.0
744,1.0
745,61.0
746,0.0
747,7.0
748,0.0
749,0.0
750,0.0
751,1.0
752,4.0
753,0.0
754,2.0
755,3.0
756,2.0
757,69.0
758,1.0
759,0.0
760,2.0
761,6.0
762,15.0
763,3.0
764,6.0
765,1.0
766,5.0
767,4.0
768,51.0
769,0.0
770,0.0
771,4.0
772,7.0
