,0,1,2,3,4,5,6,7,8,9,10,11,12,13,14,15,16,17,18,19,20,21,22,23,24
0,-0.0,-0.0,-0.0,-0.0,0.624998254794,0.765085049172,-0.0,-0.0,0.660105077484,0.584578477289,-0.0,0.473280539465,-0.0,-0.0,-0.0,-0.0,-0.0,-0.0,0.0050246809635,-0.0,-0.0,-0.0,-0.0,-0.0,0.00444023980919
1,-0.0,-0.0,-0.0,-0.0,-0.0,-0.0,0.751541751118,-0.0,-0.0,0.471751629896,-0.0,-0.0,-0.0,-0.0,0.0110902749082,-0.0,0.849073160595,-0.0,0.647011878322,-0.0,-0.0,-0.0,-0.0,0.00221293396112,0.0261506254949
2,0.226494405339,-0.0,-0.0,-0.0,-0.0,-0.0,0.00244699831271,0.600167181655,-0.0,-0.0,0.0280499479949,-0.0,-0.0,-0.0,0.567258443152,-0.0,-0.0,0.0135309432364,-0.0,-0.0,-0.0,-0.0,-0.0,-0.0,-0.0
3,-0.0,-0.0,-0.0,-0.0,-0.0,-0.0,-0.0,0.484435395379,0.498858453433,0.586029487529,-0.0,-0.0,-0.0,0.645991088032,0.00993200598142,-0.0,-0.0,-0.0,-0.0,-0.0,0.0399871733338,-0.0,-0.0,-0.0,-0.0
4,0.00302819208747,0.0175901332376,0.00708541699211,0.739398705743,-0.0,0.0136613952891,-0.0,0.0201521767933,0.0783608532434,-0.0,-0.0,-0.0,0.0100441540503,0.0235093866608,0.00245381216034,0.0166947808997,0.0637264151358,0.0249707553476,0.0726233742042,-0.0,-0.0,-0.0,0.0194975167735,0.015746760124,0.00678908799156
5,-0.0,-0.0,0.792492829346,-0.0,0.010013875715,-0.0,-0.0,0.035914046897,-0.0,0.607135103881,0.045237686832,-0.0,-0.0,-0.0,-0.0,-0.0,-0.0,0.0118630662103,-0.0,0.0947077116526,-0.0,0.000151845056016,0.0977880892129,0.0315474166834,-0.0
6,-0.0,0.677013086188,0.791779341353,0.0128732823556,-0.0,-0.0,-0.0,0.00705237411831,0.0385165177463,0.479269274096,-0.0,-0.0,-0.0,0.00354609149218,-0.0,0.317622518667,-0.0,-0.0,0.00590360259909,-0.0,0.222360777951,-0.0,-0.0,-0.0,-0.0
7,-0.0,-0.0,0.638263190133,-0.0,0.620412069683,-0.0,-0.0,0.00878306287596,-0.0,-0.0,-0.0,0.0276547433577,-0.0,0.0016293993028,0.000446536574875,-0.0,0.00519762288614,-0.0,0.533697721466,-0.0,-0.0,-0.0,0.0298039884189,0.000859115781181,0.00335597283212
8,0.270679640627,-0.0,-0.0,-0.0,0.00606215024979,0.0054781187975,-0.0,0.574875815938,0.00103269658517,0.480207849217,0.658308045156,-0.0,0.515642802162,-0.0,0.533002669285,-0.0,0.648065755811,-0.0,-0.0,-0.0,0.611102003568,-0.0,-0.0,-0.0,-0.0
9,-0.0,0.0115924395386,0.00209113315247,0.0815442564411,-0.0,0.0134079277154,-0.0,0.00867212288227,-0.0,0.00196014605859,-0.0,-0.0,-0.0,-0.0,-0.0,0.0172955479446,-0.0,0.465543035662,0.0497096397551,-0.0,0.292857908909,-0.0,0.00158264260115,-0.0,-0.0
10,-0.0,-0.0,-0.0,0.00431321489728,-0.0,-0.0,0.00530043667379,-0.0,-0.0,-0.0,0.00330621765551,0.0143730828231,0.538433244275,0.548742276012,-0.0,-0.0,-0.0,0.00343761868362,-0.0,0.00432370787797,0.0130073649433,-0.0,-0.0,-0.0,-0.0
11,0.000215284169667,0.00847183295402,-0.0,-0.0,-0.0,0.00498244046912,-0.0,0.581571839337,-0.0,0.0212953696562,-0.0,-0.0,-0.0,0.0104226201351,0.00420865647746,-0.0,-0.0,-0.0,-0.0,-0.0,-0.0,-0.0,0.553872986909,-0.0,-0.0
12,-0.0,-0.0,0.792087903423,-0.0,-0.0,-0.0,0.753466265914,-0.0,0.636652817976,-0.0,-0.0,-0.0,-0.0,0.658057712916,-0.0,-0.0,-0.0,0.422578068378,-0.0,-0.0,-0.0,-0.0,-0.0,-0.0,-0.0
13,-0.0,-0.0,-0.0,0.687305245457,-0.0,-0.0,-0.0,-0.0,-0.0,-0.0,-0.0,-0.0,-0.0,0.00725688901899,-0.0,-0.0,0.00729594741082,-0.0,-0.0,-0.0,-0.0,-0.0,0.387811434506,-0.0,-0.0
14,-0.0,-0.0,0.807793247779,-0.0,-0.0,-0.0,-0.0,-0.0,0.000798780754103,-0.0,-0.0,-0.0,0.000158226689188,-0.0,-0.0,-0.0,-0.0,-0.0,-0.0,-0.0,-0.0,-0.0,0.477546433306,0.0276131579884,-0.0
15,-0.0,-0.0,-0.0,0.0174455114602,0.0204147251431,0.0112262922257,-0.0,-0.0,0.678088356457,0.00107303931983,0.00441013211623,-0.0,-0.0,-0.0,0.00208692009745,-0.0,-0.0,-0.0,0.0125039499512,-0.0,-0.0,-0.0,-0.0,0.00480230520294,-0.0
16,0.00337106778271,-0.0,0.788792855715,-0.0,0.600462086903,-0.0,0.755759484786,-0.0,0.631131444669,-0.0,0.69454815546,0.569343684409,0.697589074078,0.00953869970736,0.546884082034,0.684087120172,-0.0,0.433369897974,0.612374933458,-0.0,-0.0,-0.0,-0.0,-0.0,0.248903334453
17,-0.0,-0.0,0.788293689571,0.0232008307427,-0.0,-0.0,0.744812241745,-0.0,-0.0,0.57773653456,-0.0,0.483397321605,0.414907291729,0.0252492097189,0.437186728538,-0.0,-0.0,-0.0,0.0134992023902,0.59932402078,1.01225740705,-0.0,-0.0,-0.0,-0.0
18,0.218384496739,-0.0,0.000372538148279,0.00769685999911,0.507309406889,-0.0,-0.0,-0.0,-0.0,-0.0,0.664351962047,-0.0,0.0149214755218,0.0219389348361,-0.0,0.363917084905,-0.0,-0.0,-0.0,-0.0,-0.0,-0.0,-0.0,-0.0,-0.0
19,0.276482657615,0.142700935948,0.806306045609,0.65994925879,0.616468209428,-0.0,0.454559104367,0.623010130697,0.630870200699,0.472069357672,0.699446056368,0.456203997858,0.675103182691,-0.0,-0.0,-0.0,-0.0,-0.0,-0.0,0.0324346131057,-0.0,8.00805254314e-05,0.0279212163887,0.704641618827,-0.0
20,-0.0,-0.0,0.78969314375,0.700868783465,0.641411808373,0.0105111930553,0.00514237341396,-0.0,0.663491984868,0.484578865433,0.67577170632,0.639244420077,0.0118172619846,0.679717701119,0.0319049461607,-0.0,-0.0,-0.0,0.00595012107673,-0.0,0.00075418070816,-0.0,-0.0,0.0177582467031,0.02535652777
21,0.00603495877785,-0.0,0.792477562606,0.685822523438,0.496136969192,-0.0,0.751185040335,0.474729494219,-0.0,0.475651522503,0.708216890704,0.458341047316,-0.0,-0.0,0.350199675533,-0.0,0.028131494821,0.00419795010574,-0.0,-0.0,-0.0,-0.0,-0.0,-0.0,-0.0
22,0.216469600432,-0.0,-0.0,0.67160764459,0.625429704057,-0.0,-0.0,0.344765100919,0.543926955633,0.602142633734,0.697316473728,0.455574747751,0.383350566893,-0.0,0.534806163185,0.294843361903,-0.0,-0.0,-0.0,-0.0,-0.0,-0.0,0.000412179182252,-0.0,-0.0
23,0.271374171351,0.689342912618,0.793648056936,0.0515306519818,0.638245841903,0.784736535378,0.439144363817,0.627650018752,0.646708730119,0.600210221482,0.0345831849739,0.45705382482,-0.0,-0.0,-0.0,-0.0,-0.0,0.0272108313285,0.695525363476,0.0702243221255,-0.0,0.00014581804083,0.0612818490591,0.0124262916533,-0.0
24,0.268919279289,-0.0,0.785113852744,-0.0,0.597074402308,0.749193591966,-0.0,0.561760702294,0.628693832886,0.580013026792,0.629126233534,0.603715490905,0.637576067654,0.632542826998,0.332486130494,0.731950192555,-0.0,-0.0,-0.0,0.574446080492,-0.0,-0.0,-0.0,0.00562965102281,0.484950793749
25,0.269462886556,0.681327242202,0.793824930884,0.0571354422756,0.00104163043891,0.00355479171059,0.738462925052,0.568857410508,0.654172701571,0.597273511369,0.651249724533,-0.0,-0.0,-0.0,-0.0,0.763984630837,0.644897875132,0.437162998153,0.0341649124939,-0.0,-0.0,-0.0,-0.0,-0.0,0.356485881919
26,0.274813012877,0.681826124494,0.63185789528,0.00471459792788,0.614705153048,-0.0,0.0040820433565,0.615762291636,0.716779208954,-0.0,-0.0,0.610133883482,0.557279918965,0.0490160896853,0.557451402526,-0.0,0.030407050464,0.000694224580426,0.0126148229641,-0.0,-0.0,-0.0,-0.0,-0.0,0.0199972732623
27,-0.0,-0.0,-0.0,-0.0,-0.0,-0.0,-0.0,-0.0,-0.0,-0.0,-0.0,0.57929608749,0.12939743432,-0.0,-0.0,-0.0,-0.0,-0.0,-0.0,-0.0,-0.0,-0.0,-0.0,-0.0,-0.0
28,0.111253914514,0.683745252479,-0.0,-0.0,0.61450144207,-0.0,-0.0,-0.0,-0.0,-0.0,0.00957812583318,-0.0,-0.0,-0.0,0.438912141672,-0.0,0.00203912636799,-0.0,0.00488203371757,-0.0,-0.0,-0.0,-0.0,-0.0,-0.0
29,0.274055361211,0.550727387928,-0.0,-0.0,-0.0,0.00389311022803,0.00946980033316,-0.0,0.0109843994636,-0.0,0.00894236269068,-0.0,0.002794375892,-0.0,0.0113608397343,-0.0,-0.0,-0.0,-0.0,0.0342843238955,-0.0,-0.0,-0.0,-0.0,-0.0
30,-0.0,-0.0,-0.0,-0.0,-0.0,-0.0,-0.0,-0.0,0.00176598994684,0.237135746604,-0.0,-0.0,-0.0,-0.0,-0.0,-0.0,-0.0,-0.0,0.470964485662,-0.0,0.605798579032,-0.0,-0.0,0.00549751489103,-0.0
31,0.000836504698635,-0.0,0.808403561923,0.0108003431192,-0.0,-0.0,0.00358308092105,0.00138068913368,0.00334892257016,0.476207276608,0.00376755908843,0.00224198306059,0.00241970831821,-0.0,0.0100874485879,-0.0,0.00674340588894,0.00295859714488,0.0189527719888,-0.0,0.0146117460015,-0.0,0.0153024284127,0.0355978356261,0.0288945662387
32,-0.0,-0.0,-0.0,-0.0,-0.0,0.60799325618,0.595808748869,-0.0,-0.0,-0.0,-0.0,-0.0,-0.0,0.651206971797,-0.0,-0.0,-0.0,-0.0,-0.0,-0.0,-0.0,-0.0,-0.0,-0.0,-0.0
33,-0.0,-0.0,-0.0,0.688250162078,-0.0,-0.0,0.59498575701,-0.0,0.0364625655394,0.00373050279289,-0.0,0.575012937015,-0.0,0.00450584874522,0.43072317181,0.332665216881,-0.0,-0.0,0.0104199225534,0.011941135621,-0.0,6.6080688398e-07,-0.0,-0.0,-0.0
34,0.27368138521,0.694494668844,-0.0,0.00665655010274,-0.0,0.761660352365,-0.0,0.00364246704988,0.00382888940888,-0.0,-0.0,0.00977214191154,-0.0,-0.0,-0.0,-0.0,0.0106203545598,-0.0,-0.0,-0.0,-0.0,-0.0,-0.0,-0.0,-0.0
35,0.000262840086381,-0.0,-0.0,0.704335697773,-0.0,-0.0,-0.0,0.0103971459491,-0.0,-0.0,-0.0,8.67598647731e-05,-0.0,-0.0,-0.0,-0.0,-0.0,-0.0,-0.0,-0.0,0.275815198926,-0.0,0.00538838066179,-0.0,-0.0
36,0.273731330746,-0.0,-0.0,0.669331562331,-0.0,0.757877711917,-0.0,-0.0,-0.0,-0.0,-0.0,-0.0,-0.0,-0.0,-0.0,-0.0,-0.0,-0.0,-0.0,-0.0,-0.0,-0.0,-0.0,-0.0,-0.0
37,-0.0,0.00261992901985,0.791122451657,0.00389890168369,-0.0,-0.0,-0.0,-0.0,-0.0,-0.0,-0.0,-0.0,0.66004232229,-0.0,-0.0,0.00978564402625,0.00492398805965,-0.0,0.0334402075021,-0.0,0.122401613966,-0.0,0.544406989855,-0.0,-0.0
38,0.000478494829238,0.551702111941,-0.0,-0.0,-0.0,-0.0,0.00302951540877,-0.0,-0.0,-0.0,-0.0,0.00206261760735,0.00347250877422,-0.0,-0.0,-0.0,-0.0,0.00231629023102,-0.0,-0.0,0.00825187900174,-0.0,-0.0,-0.0,0.0133830510363
39,-0.0,-0.0,-0.0,0.02067414431,-0.0,-0.0,0.746283078232,-0.0,-0.0,-0.0,-0.0,-0.0,-0.0,0.001096414228,-0.0,-0.0,-0.0,-0.0,0.00963272782755,0.00217777208081,-0.0,-0.0,-0.0,0.461649042991,-0.0
40,-0.0,-0.0,-0.0,-0.0,-0.0,-0.0,0.746832498392,-0.0,-0.0,0.000384267259046,-0.0,-0.0,-0.0,0.00271821448529,0.438948407991,-0.0,-0.0,0.00106620733744,-0.0,0.0030955226005,-0.0,-0.0,-0.0,-0.0,-0.0
41,-0.0,0.679744103022,-0.0,-0.0,-0.0,0.76259774074,-0.0,-0.0,-0.0,0.00188168467317,-0.0,-0.0,-0.0,-0.0,0.544199885885,-0.0,-0.0,0.0185381314291,-0.0,-0.0,-0.0,-0.0,-0.0,-0.0,-0.0
42,-0.0,-0.0,0.00412852341421,-0.0,-0.0,-0.0,-0.0,0.620069856798,-0.0,-0.0,-0.0,-0.0,-0.0,-0.0,-0.0,-0.0,0.0116919236063,-0.0,0.0048331100454,-0.0,-0.0,-0.0,-0.0,0.226972938686,0.00731725472855
43,0.008008238274,-0.0,-0.0,-0.0,-0.0,-0.0,-0.0,0.484424168566,-0.0,-0.0,-0.0,-0.0,-0.0,0.0316475410365,-0.0,-0.0,0.00491989718544,-0.0,0.00690166814315,0.00987184506146,-0.0,-0.0,-0.0,-0.0,0.00910955652949
44,-0.0,-0.0,0.789447419323,0.688995601346,0.642652251143,0.773392905149,0.740134223952,-0.0,-0.0,-0.0,0.706558292974,-0.0,-0.0,-0.0,0.435041700752,0.447615711603,-0.0,-0.0,0.62060913468,-0.0,0.0425378109619,-0.0,0.0515482827972,-0.0,-0.0
45,-0.0,0.677273999824,0.634482445804,0.679739963068,0.379218522285,-0.0,0.0131081994234,-0.0,-0.0,0.473758811529,-0.0,-0.0,0.589803945181,0.0559251235933,-0.0,0.00427014928145,-0.0,0.0115647969265,0.0194702854584,-0.0,-0.0,-0.0,-0.0,-0.0,-0.0
46,0.270043846674,0.537930001392,-0.0,-0.0,0.237486510424,-0.0,-0.0,0.582203912637,0.494574305933,0.462535479794,0.650518445849,-0.0,-0.0,0.640227796622,-0.0,-0.0,-0.0,0.320845072617,-0.0,-0.0,-0.0,-0.0,-0.0,-0.0,-0.0
47,-0.0,-0.0,0.795790572021,0.0117707898787,0.379332385377,-0.0,0.00557152519948,0.0021972797799,0.0058943665372,0.619960845017,-0.0,0.0438328193071,-0.0,-0.0,0.141615264043,-0.0,0.908297237427,-0.0,0.0232473339612,0.0204263305877,0.000529330923296,-0.0,-0.0,0.0981248082451,0.0500727451781
48,-0.0,-0.0,-0.0,-0.0,-0.0,0.756440109391,0.742569337696,0.471385748547,0.498600796538,-0.0,-0.0,-0.0,-0.0,-0.0,-0.0,-0.0,-0.0,-0.0,0.588435331146,-0.0,-0.0,-0.0,-0.0,-0.0,-0.0
49,-0.0,0.0215503547848,0.00142891273444,0.766573171228,0.649284627434,0.0272649138942,0.743925512869,-0.0,0.0199182525047,0.619700761297,-0.0,0.454324433608,-0.0,0.00679421182644,0.568101307331,0.00265702028773,-0.0,0.0219102550878,0.058552258453,-0.0,-0.0,-0.0,0.132354831953,-0.0,0.0284624651722
50,-0.0,-0.0,0.796540294264,-0.0,0.608558651626,-0.0,0.594354436022,0.468317333121,0.668445053933,-0.0,-0.0,-0.0,0.521274409692,-0.0,0.576345705606,0.236200111597,-0.0,-0.0,-0.0,-0.0,-0.0,-0.0,0.0659346986785,-0.0,-0.0
51,0.21566223592,0.673872345233,0.797540659345,0.529667613492,-0.0,-0.0,0.608833422666,0.467946185059,-0.0,0.472575909713,-0.0,-0.0,0.0361324790314,0.693679130776,-0.0,0.0020085512063,-0.0,0.436550139414,0.0104699350152,-0.0,-0.0,-0.0,-0.0,-0.0,-0.0
52,0.279743078715,0.00208266953851,0.000611651645155,0.684190627967,-0.0,-0.0,-0.0,0.523138269731,0.0154826890872,0.470548767883,0.0162121193807,0.0272481207002,0.00395074938969,0.00685355709128,0.493942507118,0.446915191043,0.0336175817135,-0.0,-0.0,-0.0,0.277454772692,-0.0,0.00169817072672,0.0617514329323,0.048440993765
53,-0.0,0.687826016587,0.631445023146,-0.0,0.615942450489,-0.0,0.780685335092,0.459115927941,-0.0,0.468859124885,-0.0,0.577980636605,0.65747196492,-0.0,0.526412772327,0.448523704149,-0.0,-0.0,-0.0,-0.0,-0.0,-0.0,-0.0,-0.0,0.508887075098
54,-0.0,-0.0,-0.0,-0.0,0.610830469308,-0.0,-0.0,0.470206697182,0.628617455609,0.585027165133,-0.0,-0.0,-0.0,-0.0,-0.0,-0.0,-0.0,-0.0,-0.0,-0.0,-0.0,-0.0,-0.0,-0.0,-0.0
55,-0.0,-0.0,0.788608418312,-0.0,-0.0,-0.0,-0.0,0.462210584049,-0.0,-0.0,-0.0,0.597955022951,-0.0,-0.0,0.0115692129001,-0.0,-0.0,-0.0,0.604200353424,-0.0,-0.0,-0.0,-0.0,0.0148624391276,0.477513298916
56,-0.0,0.00366561194166,-0.0,-0.0,-0.0,-0.0,0.609515133608,-0.0,0.643408855845,-0.0,0.690455923518,-0.0,-0.0,-0.0,0.446561514446,-0.0,-0.0,-0.0,0.0222603747722,0.658382029335,0.00380260581573,-0.0,-0.0,-0.0,-0.0
57,0.272812671258,0.676463493932,-0.0,-0.0,-0.0,-0.0,-0.0,-0.0,-0.0,-0.0,-0.0,-0.0,-0.0,-0.0,-0.0,-0.0,0.571430684995,-0.0,-0.0,-0.0,-0.0,-0.0,-0.0,-0.0,-0.0
58,0.00203352286214,0.682779090443,-0.0,0.660544428557,0.611150632185,-0.0,-0.0,0.0177242221985,0.0608258275273,-0.0,-0.0,-0.0,0.00644123586708,0.0203358365563,-0.0,-0.0,0.0310270081296,0.408584378814,-0.0,-0.0,-0.0,-0.0,0.00667024174263,-0.0,-0.0
59,-0.0,0.536943174587,0.794489721107,-0.0,-0.0,-0.0,0.603417211465,0.594451281303,0.00418265969694,-0.0,-0.0,-0.0,0.516121615711,-0.0,-0.0,-0.0,-0.0,-0.0,-0.0,-0.0,-0.0,-0.0,-0.0,0.501878628965,0.462689748953
60,-0.0,-0.0,0.792106487599,-0.0,-0.0,-0.0,-0.0,-0.0,-0.0,-0.0,0.666397836305,-0.0,-0.0,-0.0,-0.0,-0.0,0.57481508439,-0.0,-0.0,-0.0,-0.0,-0.0,-0.0,-0.0,-0.0
61,-0.0,0.678315149806,-0.0,0.670078574113,-0.0,0.768985928126,0.00721929544413,0.594337271255,-0.0,-0.0,-0.0,-0.0,-0.0,0.00347834590832,-0.0,-0.0,0.00418432538092,-0.0,-0.0,0.00428477104596,-0.0,-0.0,-0.0,-0.0,-0.0
62,0.225886554118,-0.0,0.799399562861,-0.0,-0.0,-0.0,0.596332554537,-0.0,-0.0,0.589699835076,-0.0,-0.0,-0.0,-0.0,-0.0,-0.0,0.0237733955949,0.00739970410167,0.0221538382988,-0.0,0.00164284369407,-0.0,-0.0,-0.0,0.00280602581872
63,-0.0,-0.0,-0.0,-0.0,0.486654556087,-0.0,-0.0,-0.0,-0.0,0.587071913316,0.663792489698,-0.0,0.390595931122,-0.0,-0.0,-0.0,-0.0,-0.0,-0.0,-0.0,-0.0,-0.0,-0.0,-0.0,-0.0
64,-0.0,-0.0,-0.0,-0.0,-0.0,-0.0,-0.0,-0.0,-0.0,0.354446323784,-0.0,-0.0,-0.0,-0.0,-0.0,-0.0,-0.0,-0.0,-0.0,-0.0,-0.0,-0.0,-0.0,-0.0,-0.0
65,-0.0,0.681041844805,0.792975860365,-0.0,-0.0,-0.0,0.447876244128,-0.0,-0.0,-0.0,-0.0,-0.0,-0.0,-0.0,-0.0,-0.0,-0.0,-0.0,-0.0,-0.0,-0.0,-0.0,-0.0,-0.0,-0.0
66,0.280447033279,0.553857660014,-0.0,0.00324972557485,-0.0,-0.0,0.0013387680652,-0.0,-0.0,0.0048506531809,-0.0,-0.0,-0.0,0.00148521151978,-0.0,-0.0,0.0207580953676,-0.0,0.0157340318854,-0.0,0.00882025368304,-0.0,-0.0,0.00453669604049,-0.0
67,-0.0,0.679953043915,0.792619217703,-0.0,-0.0,0.759256312695,-0.0,0.593383043838,-0.0,-0.0,-0.0,-0.0,-0.0,-0.0,-0.0,-0.0,-0.0,-0.0,-0.0,-0.0,-0.0,-0.0,-0.0,-0.0,-0.0
68,0.281913484398,0.67770736966,0.789785868831,-0.0,-0.0,-0.0,-0.0,-0.0,-0.0,-0.0,-0.0,-0.0,0.644325320778,0.682638677552,-0.0,-0.0,-0.0,-0.0,0.00954048230387,-0.0,-0.0,-0.0,-0.0,0.577590769825,-0.0
69,0.00335124914903,-0.0,-0.0,-0.0,0.00536602718748,-0.0,0.0326632837532,0.591702908916,0.0120996439165,0.592291947244,-0.0,0.00474873457234,-0.0,-0.0,-0.0,0.693526366108,-0.0,-0.0,0.0146177040362,0.0246028981981,0.0349098377493,-0.0,-0.0,-0.0,-0.0
70,-0.0,0.679464677681,0.634221943599,-0.0,-0.0,-0.0,-0.0,0.118049219553,0.0236428738109,0.00375181957831,-0.0,-0.0,-0.0,0.00262550837929,-0.0,0.193146626425,-0.0,-0.0,0.00587995555525,0.000519328189189,-0.0,-0.0,-0.0,-0.0,-0.0
71,-0.0,-0.0,0.793375846561,0.545676158481,0.00804031780145,-0.0,-0.0,-0.0,0.020728426635,0.598700482327,-0.0,-0.0,0.0126986352835,0.0247509631951,-0.0,0.18693807329,-0.0,-0.0,-0.0,-0.0,-0.0,-0.0,-0.0,-0.0,-0.0
72,-0.0,-0.0,-0.0,-0.0,-0.0,-0.0,-0.0,-0.0,0.64293139968,0.585854469048,0.672250459372,-0.0,-0.0,-0.0,-0.0,-0.0,-0.0,-0.0,0.00702333360998,-0.0,-0.0,-0.0,-0.0,-0.0,-0.0
73,0.223348978625,-0.0,-0.0,-0.0,0.485527102056,-0.0,0.0307550804608,-0.0,0.0343831209806,0.595224749094,0.666291787187,0.601567928608,-0.0,-0.0,-0.0,0.317537892578,-0.0,0.00799862431133,0.00211844794807,0.0299660206245,0.0330254507746,-0.0,-0.0,-0.0,-0.0
74,-0.0,-0.0,0.793016332425,-0.0,-0.0,0.760525651148,-0.0,-0.0,-0.0,-0.0,-0.0,-0.0,-0.0,-0.0,-0.0,-0.0,-0.0,-0.0,-0.0,-0.0,-0.0,-0.0,-0.0,-0.0,-0.0
75,-0.0,0.678717689068,0.633340915581,-0.0,-0.0,-0.0,-0.0,0.591544076111,-0.0,-0.0,-0.0,-0.0,-0.0,-0.0,-0.0,-0.0,-0.0,0.411498607357,-0.0,-0.0,-0.0,-0.0,-0.0,-0.0,-0.0
76,-0.0,-0.0,-0.0,-0.0,-0.0,-0.0,-0.0,-0.0,-0.0,0.477707758099,-0.0,0.0233054015098,-0.0,-0.0,0.0246260274685,-0.0,-0.0,0.41327936381,0.0085787032926,-0.0,0.00541391205141,-0.0,-0.0,0.0309455348596,0.0356677653832
77,-0.0,-0.0,-0.0,-0.0,-0.0,-0.0,-0.0,-0.0,0.637640187495,-0.0,-0.0,0.627154727529,-0.0,-0.0,-0.0,-0.0,-0.0,-0.0,0.00804216599533,-0.0,-0.0,-0.0,0.0346721843671,0.000977519044884,-0.0
78,0.00526849856241,0.709335170947,-0.0,-0.0,0.000417652522928,0.00336216313549,0.607821154877,-0.0,-0.0,0.00168601115832,-0.0,-0.0,0.0198050798036,-0.0,-0.0,-0.0,-0.0,0.00452556705417,-0.0,-0.0,0.00540737087716,-0.0,0.00900729885661,0.00645719680811,-0.0
79,-0.0,0.680573110263,0.792097170071,-0.0,0.0116464569244,-0.0,-0.0,0.631573492698,-0.0,0.00813802186846,0.0413222224969,-0.0,-0.0,-0.0,-0.0,0.452464159087,-0.0,0.00815567945314,-0.0,0.0841195020474,-0.0,0.000145963055776,0.0919362211027,0.033598493413,-0.0
80,-0.0,-0.0,-0.0,0.686571857344,-0.0,-0.0,-0.0,-0.0,-0.0,-0.0,-0.0,0.493857835482,-0.0,-0.0,0.00124991287693,0.281221797835,-0.0,-0.0,0.00363240376536,0.000916220765276,-0.0,-0.0,0.0331760829183,0.0133134400241,-0.0
81,-0.0,-0.0,-0.0,0.667361516837,-0.0,-0.0,-0.0,-0.0,-0.0,-0.0,0.663179711202,-0.0,-0.0,-0.0,-0.0,-0.0,-0.0,-0.0,-0.0,-0.0,-0.0,-0.0,-0.0,-0.0,0.356001929418
82,-0.0,-0.0,-0.0,-0.0,0.61877310866,-0.0,-0.0,-0.0,-0.0,-0.0,-0.0,-0.0,-0.0,-0.0,-0.0,-0.0,0.593725710167,-0.0,-0.0,-0.0,-0.0,-0.0,-0.0,-0.0,-0.0
83,0.274868816779,-0.0,-0.0,-0.0,-0.0,-0.0,-0.0,-0.0,-0.0,-0.0,-0.0,0.590511557664,0.527381661518,-0.0,-0.0,-0.0,-0.0,-0.0,-0.0,-0.0,-0.0,-0.0,-0.0,0.585685529834,-0.0
84,0.272082443237,-0.0,-0.0,-0.0,-0.0,-0.0,-0.0,-0.0,-0.0,0.587755646004,-0.0,0.576646780309,-0.0,0.64773404957,-0.0,-0.0,-0.0,-0.0,-0.0,-0.0,-0.0,-0.0,-0.0,-0.0,-0.0
85,-0.0,-0.0,-0.0,-0.0,0.000317204371046,-0.0,0.745729270848,-0.0,-0.0,-0.0,-0.0,0.57823105316,-0.0,-0.0,-0.0,0.458859656562,0.00126505071043,-0.0,-0.0,-0.0,-0.0,-0.0,-0.0,0.000290678803203,-0.0
86,0.273504891516,0.563116857317,-0.0,-0.0,-0.0,-0.0,-0.0,0.580312789239,-0.0,0.583111927698,-0.0,-0.0,-0.0,-0.0,-0.0,-0.0,-0.0,-0.0,-0.0,0.0168937247591,-0.0,-0.0,-0.0,-0.0,0.477524831292
87,-0.0,0.679510562407,-0.0,-0.0,-0.0,-0.0,0.59483154053,0.593071016761,-0.0,-0.0,-0.0,-0.0,0.650887693182,-0.0,-0.0,-0.0,-0.0,-0.0,-0.0,-0.0,-0.0,-0.0,-0.0,-0.0,-0.0
88,0.273548525542,-0.0,-0.0,-0.0,-0.0,0.759957857903,-0.0,0.593224595759,-0.0,-0.0,-0.0,-0.0,-0.0,-0.0,-0.0,-0.0,-0.0,-0.0,-0.0,-0.0,-0.0,-0.0,-0.0,-0.0,-0.0
89,-0.0,-0.0,0.791345980085,0.666014333805,-0.0,0.016747790277,-0.0,-0.0,-0.0,0.596723693283,-0.0,0.00609267519281,-0.0,-0.0,-0.0,-0.0,-0.0,0.440882676578,-0.0,-0.0,-0.0,-0.0,-0.0,-0.0,-0.0
90,0.271576012661,-0.0,-0.0,-0.0,0.612666290179,-0.0,-0.0,0.470599021648,-0.0,-0.0,-0.0,-0.0,-0.0,0.648105655002,0.539116427039,-0.0,-0.0,-0.0,-0.0,-0.0,-0.0,-0.0,-0.0,-0.0,-0.0
91,0.282867573565,-0.0,0.8079523658,0.673437782789,-0.0,-0.0,-0.0,-0.0,-0.0,-0.0,0.0052095213782,-0.0,-0.0,-0.0,-0.0,-0.0,0.0224835875325,0.00499666579629,0.0144339079221,-0.0,-0.0,2.09735541499e-06,0.0163465882179,-0.0,0.00201720293153
92,-0.0,-0.0,-0.0,-0.0,-0.0,-0.0,0.745596719569,-0.0,-0.0,0.590164946156,-0.0,-0.0,0.390130931304,-0.0,-0.0,-0.0,-0.0,-0.0,-0.0,-0.0,-0.0,-0.0,-0.0,-0.0,-0.0
93,-0.0,-0.0,0.792949179538,-0.0,-0.0,-0.0,-0.0,-0.0,-0.0,0.590546321615,-0.0,-0.0,-0.0,-0.0,-0.0,-0.0,-0.0,-0.0,-0.0,-0.0,-0.0,-0.0,-0.0,-0.0,-0.0
94,-0.0,-0.0,0.792312296541,0.669224714267,-0.0,0.758055196032,-0.0,-0.0,-0.0,-0.0,-0.0,-0.0,-0.0,-0.0,-0.0,-0.0,-0.0,-0.0,-0.0,-0.0,-0.0,-0.0,-0.0,-0.0,-0.0
95,-0.0,0.539707384282,-0.0,-0.0,-0.0,-0.0,0.751329996081,0.578949761327,-0.0,-0.0,0.655066105437,-0.0,-0.0,-0.0,-0.0,-0.0,-0.0,-0.0,-0.0,-0.0,-0.0,-0.0,0.454244973924,-0.0,-0.0
96,-0.0,-0.0,-0.0,0.00174589389062,-0.0,0.773150220468,-0.0,-0.0,-0.0,-0.0,0.682724068352,-0.0,-0.0,-0.0,-0.0,-0.0,-0.0,-0.0,-0.0,-0.0,-0.0,-0.0,-0.0,-0.0,-0.0
97,-0.0,0.685988777485,-0.0,-0.0,0.00243838078735,-0.0,0.00599835521419,-0.0,-0.0,-0.0,-0.0,-0.0,-0.0,-0.0,-0.0,-0.0,-0.0,-0.0,-0.0,-0.0,-0.0,-0.0,-0.0,-0.0,-0.0
98,-0.0,0.673690621343,0.629609971154,0.654084399076,-0.0,-0.0,-0.0,-0.0,0.643017205783,0.345870208872,-0.0,-0.0,-0.0,-0.0,0.528534450952,0.743990848056,-0.0,-0.0,-0.0,-0.0,-0.0,-0.0,-0.0,-0.0,0.43566434289
99,0.000972451435224,-0.0,-0.0,0.0337348743737,0.63103158796,-0.0,-0.0,0.00972256210293,0.0299377346265,0.00878914993019,-0.0,0.00979238396309,0.020994176196,0.0354834797204,-0.0,0.266674217301,-0.0,-0.0,0.00237103127762,0.00915286273068,0.280977223998,-0.0,0.0034647895916,-0.0,0.00507913048508
100,-0.0,0.680609321555,-0.0,-0.0,-0.0,-0.0,-0.0,-0.0,-0.0,0.589040338701,-0.0,0.0215227982155,-0.0,-0.0,0.460347266643,0.446045134006,-0.0,-0.0,-0.0,-0.0,-0.0,-0.0,-0.0,0.0346342223896,0.0296207119038
101,0.218957033465,-0.0,-0.0,0.0148256470894,0.612596644033,-0.0,-0.0,0.602591999951,-0.0,0.580185769427,-0.0,-0.0,-0.0,-0.0,-0.0,0.447812088367,-0.0,-0.0,-0.0,-0.0,0.267425523505,-0.0,-0.0,-0.0,-0.0
102,0.00058470408153,-0.0,-0.0,-0.0,0.62249437686,0.00131571837241,0.00262641159556,-0.0,-0.0,-0.0,0.00138459020553,-0.0,-0.0,-0.0,-0.0,0.452784299988,-0.0,0.000401555164135,-0.0,-0.0,0.639425245451,-0.0,-0.0,0.00530792033924,-0.0
103,-0.0,-0.0,-0.0,0.538531606517,0.115891413871,-0.0,0.752193644853,-0.0,0.507716109909,-0.0,0.00554303920863,0.0108478164487,0.536144231889,0.0166976389708,0.00662590057479,-0.0,-0.0,0.333799184072,-0.0,-0.0,-0.0,-0.0,-0.0,-0.0,-0.0
104,0.2732762667,-0.0,-0.0,-0.0,0.611695698609,-0.0,-0.0,-0.0,-0.0,-0.0,-0.0,-0.0,0.651362940492,-0.0,-0.0,-0.0,-0.0,-0.0,-0.0,-0.0,-0.0,-0.0,-0.0,0.449535683817,-0.0
105,-0.0,-0.0,0.792109413253,-0.0,0.61578835424,-0.0,-0.0,0.000600173927256,-0.0,0.586319866672,0.00111457327441,0.459062348047,-0.0,-0.0,0.431986500908,-0.0,-0.0,-0.0,-0.0,0.000213829215281,-0.0,-0.0,-0.0,0.00756194886001,-0.0
106,0.00197533746987,0.0024855088298,-0.0,-0.0,-0.0,0.000314096631807,0.756733970541,0.613565289966,0.578968839871,-0.0,-0.0,-0.0,0.662042632437,0.0139425566594,0.00123574609466,-0.0,0.0319321844679,-0.0,-0.0,-0.0,0.0193347438115,-0.0,0.0133719067568,-0.0,-0.0
107,0.21712443729,0.679132991689,0.632304423618,-0.0,0.614544600919,-0.0,-0.0,-0.0,-0.0,-0.0,-0.0,-0.0,-0.0,0.649599300284,-0.0,-0.0,-0.0,-0.0,-0.0,-0.0,-0.0,-0.0,-0.0,-0.0,-0.0
108,0.27258368271,0.674839190617,-0.0,0.0103212783734,0.0154758369049,-0.0,-0.0,-0.0,0.0389402486716,0.00399435170572,-0.0,-0.0,-0.0,-0.0,0.0107006384122,0.320860726965,-0.0,0.413681342428,4.79587790358e-06,-0.0,-0.0,1.24545975089e-05,0.0608079196613,-0.0,0.0441498330702
109,0.279894862039,-0.0,-0.0,-0.0,-0.0,-0.0,-0.0,0.00914124804472,-0.0,0.586528275579,-0.0,-0.0,-0.0,0.678044200646,-0.0,-0.0,-0.0,-0.0,0.597125265863,-0.0,-0.0,-0.0,-0.0,0.0331263061564,0.00993181167328
110,-0.0,-0.0,0.000847702457538,-0.0,-0.0,-0.0,0.0090426875157,0.610446854941,-0.0,-0.0,-0.0,-0.0,-0.0,-0.0,-0.0,-0.0,-0.0,-0.0,-0.0,-0.0,-0.0,-0.0,-0.0,0.64154384096,0.00462065548107
111,-0.0,-0.0,-0.0,-0.0,-0.0,-0.0,0.745988654915,-0.0,-0.0,0.353083178062,-0.0,-0.0,-0.0,0.388893101182,-0.0,-0.0,-0.0,-0.0,-0.0,-0.0,-0.0,-0.0,-0.0,-0.0,-0.0
112,-0.0,0.686862848052,-0.0,-0.0,-0.0,-0.0,-0.0,-0.0,-0.0,-0.0,-0.0,-0.0,0.389808549916,-0.0,0.549413734866,-0.0,0.215250065201,-0.0,-0.0,-0.0,-0.0,-0.0,-0.0,0.0192062595047,-0.0
113,-0.0,-0.0,-0.0,-0.0,-0.0,-0.0,0.746469522051,-0.0,0.630002508916,-0.0,-0.0,-0.0,-0.0,-0.0,-0.0,-0.0,-0.0,-0.0,-0.0,-0.0,-0.0,-0.0,0.464958379816,-0.0,-0.0
114,-0.0,-0.0,-0.0,-0.0,-0.0,0.757849263904,0.59698788438,-0.0,-0.0,0.463438151486,-0.0,-0.0,-0.0,-0.0,-0.0,-0.0,-0.0,-0.0,-0.0,-0.0,-0.0,-0.0,0.366057983969,-0.0,-0.0
115,-0.0,0.68102525705,-0.0,0.682240958857,-0.0,-0.0,-0.0,0.461959731105,-0.0,-0.0,-0.0,-0.0,-0.0,0.00695927631898,-0.0,-0.0,0.699150686501,-0.0,-0.0,0.606480896498,-0.0,-0.0,-0.0,-0.0,-0.0
116,-0.0,-0.0,0.792832912053,-0.0,-0.0,-0.0,-0.0,-0.0,0.635732737402,-0.0,-0.0,-0.0,-0.0,-0.0,-0.0,-0.0,-0.0,-0.0,-0.0,-0.0,-0.0,-0.0,-0.0,-0.0,-0.0
117,0.00144286030028,0.552709219587,0.00853250952909,-0.0,0.00139902904263,-0.0,-0.0,-0.0,-0.0,-0.0,0.0217949157302,-0.0,-0.0,-0.0,-0.0,-0.0,0.0102395848221,-0.0,-0.0,-0.0,0.0324556377286,-0.0,0.0688844254973,-0.0,-0.0
118,-0.0,-0.0,-0.0,-0.0,-0.0,0.759227459284,-0.0,-0.0,-0.0,-0.0,-0.0,-0.0,-0.0,-0.0,0.430558944171,-0.0,0.57147387722,-0.0,-0.0,-0.0,-0.0,-0.0,-0.0,-0.0,-0.0
119,0.278502831038,0.0151008801406,-0.0,-0.0,0.00015653532848,-0.0,0.00244858495925,-0.0,-0.0,-0.0,-0.0,-0.0,0.0158798619914,-0.0,-0.0,-0.0,-0.0,0.16449422666,-0.0,-0.0,0.00490412295214,-0.0,-0.0,0.00486683337789,-0.0
120,-0.0,-0.0,0.00309341506942,0.688526651389,0.00150509353822,-0.0,0.295517756551,0.0233103607104,0.0341239538433,0.0164559142267,0.570123647321,-0.0,0.00411848529236,6.98980401264e-05,0.142972557777,0.352763672592,-0.0,0.000779243758706,0.045264449516,0.0839297460609,0.0779634064903,0.000138219879952,0.0987160224021,0.0125256361612,-0.0
121,9.42917728258e-05,-0.0,-0.0,0.0151906290503,0.614580453738,-0.0,-0.0,0.00775620679994,-0.0,-0.0,-0.0,0.580276703666,-0.0,-0.0,-0.0,-0.0,-0.0,-0.0,-0.0,-0.0,0.220162609134,-0.0,-0.0,-0.0,-0.0
122,-0.0,0.680023950221,0.0153991895711,-0.0,-0.0,-0.0,-0.0,-0.0,0.0035308701226,-0.0,-0.0,-0.0,0.655855066498,-0.0,-0.0,-0.0,-0.0,-0.0,-0.0,-0.0,-0.0,-0.0,0.00327883944138,0.0382159264052,-0.0
123,0.00532191832063,0.565223857294,-0.0,-0.0,-0.0,-0.0,0.0023134384138,-0.0,-0.0,-0.0,-0.0,-0.0,0.675765240627,-0.0,-0.0,-0.0,-0.0,-0.0,-0.0,-0.0,0.0059163628248,-0.0,-0.0,0.0068681360914,-0.0
124,-0.0,-0.0,-0.0,-0.0,-0.0,-0.0,-0.0,-0.0,-0.0,-0.0,-0.0,-0.0,0.657221954583,-0.0,-0.0,-0.0,0.578731454162,-0.0,-0.0,-0.0,-0.0,-0.0,-0.0,0.446806072318,-0.0
125,-0.0,0.676408943583,0.790305257979,0.662025973999,-0.0,-0.0,-0.0,-0.0,-0.0,-0.0,-0.0,-0.0,-0.0,0.516055240171,-0.0,-0.0,-0.0,0.407619909306,-0.0,-0.0,-0.0,-0.0,-0.0,-0.0,-0.0
126,-0.0,-0.0,0.795467548159,0.0186643903407,0.384096528671,-0.0,-0.0,-0.0,0.0163703025231,0.491357863753,0.00221306503588,-0.0,-0.0,-0.0,-0.0,-0.0,0.0748131473693,-0.0,0.00615037815899,0.0102376399395,-0.0,-0.0,-0.0,-0.0,-0.0
127,-0.0,-0.0,-0.0,0.672054875007,-0.0,-0.0,-0.0,-0.0,-0.0,-0.0,-0.0,-0.0,-0.0,-0.0,-0.0,-0.0,-0.0,-0.0,-0.0,-0.0,-0.0,-0.0,-0.0,-0.0,-0.0
128,0.277484330433,0.683945771386,-0.0,0.0038168993482,0.00740826265148,0.791373757508,0.595478502058,0.389002298739,-0.0,0.00987709124591,0.0309741667626,-0.0,-0.0,-0.0,-0.0,-0.0,-0.0,0.00610913097153,-0.0,0.0682735134548,-0.0,0.000136118194518,0.0986508146907,0.0207693073186,-0.0
129,-0.0,-0.0,0.637824234145,-0.0,-0.0,0.00279745541825,-0.0,0.00177365269181,0.0414981321027,0.00794049720854,0.0018256114223,-0.0,-0.0,0.00731200779467,0.00416132858373,0.329946282828,-0.0,-0.0,0.0137848708805,0.0169253319522,-0.0,-0.0,-0.0,-0.0,0.00412414877439
130,0.276230821339,0.700976023601,-0.0,-0.0,-0.0,0.760032957211,0.745101810251,0.613207830942,0.707976791308,-0.0,-0.0,-0.0,0.00123444268511,0.0144354258925,-0.0,0.687231038188,0.0220085359451,0.155841069885,-0.0,0.00976038162174,-0.0,-0.0,0.000269755058024,-0.0,0.0183657501771
131,-0.0,-0.0,-0.0,0.533174275864,-0.0,0.756572271567,-0.0,-0.0,-0.0,-0.0,-0.0,-0.0,-0.0,-0.0,-0.0,-0.0,-0.0,-0.0,-0.0,0.604051063436,-0.0,-0.0,-0.0,-0.0,-0.0
132,-0.0,-0.0,-0.0,-0.0,-0.0,-0.0,-0.0,-0.0,-0.0,-0.0,-0.0,-0.0,-0.0,-0.0,-0.0,-0.0,-0.0,-0.0,-0.0,0.642056938154,-0.0,-0.0,-0.0,-0.0,-0.0
133,0.218560135462,-0.0,0.792639790648,-0.0,-0.0,-0.0,-0.0,-0.0,-0.0,-0.0,0.533668928324,-0.0,-0.0,-0.0,-0.0,-0.0,-0.0,-0.0,-0.0,-0.0,-0.0,-0.0,-0.0,-0.0,-0.0
134,-0.0,-0.0,0.794482500682,-0.0,0.00174365398336,-0.0,-0.0,0.00317398452124,0.698875193238,0.597076731044,0.00244091227853,0.00690554791459,-0.0,-0.0,-0.0,0.198363867821,-0.0,-0.0,0.629950314745,0.0149706053261,-0.0,2.27653238825e-05,0.000993400434909,-0.0,9.29973548341e-05
135,-0.0,-0.0,0.791693786352,-0.0,-0.0,-0.0,-0.0,-0.0,-0.0,0.589269522872,-0.0,-0.0,-0.0,0.520290414791,-0.0,-0.0,-0.0,-0.0,-0.0,-0.0,-0.0,-0.0,-0.0,-0.0,-0.0
136,0.10841559639,-0.0,-0.0,-0.0,-0.0,0.755717716275,-0.0,-0.0,0.683135650509,0.478666699142,-0.0,-0.0,0.670632819955,-0.0,-0.0,0.284125488399,-0.0,-0.0,0.00159632203775,0.0182830997612,-0.0,-0.0,-0.0,-0.0,0.00551064879195
137,-0.0,-0.0,-0.0,-0.0,-0.0,-0.0,-0.0,-0.0,-0.0,-0.0,-0.0,-0.0,-0.0,-0.0,-0.0,-0.0,-0.0,-0.0,-0.0,-0.0,-0.0,-0.0,0.385733313932,-0.0,-0.0
138,0.222107389201,-0.0,0.00291760010332,-0.0,0.481678873483,0.758534982177,-0.0,0.580945018746,-0.0,-0.0,-0.0,-0.0,0.652610808195,-0.0,0.425089189055,-0.0,0.598183116691,-0.0,-0.0,0.605030470463,-0.0,-0.0,-0.0,-0.0,-0.0
139,-0.0,-0.0,0.791897907535,-0.0,0.611140150047,0.758448970395,0.144682037656,-0.0,-0.0,0.459106170279,-0.0,-0.0,-0.0,-0.0,-0.0,0.440119425179,-0.0,-0.0,-0.0,0.591011002233,-0.0,-0.0,-0.0,-0.0,-0.0
140,-0.0,-0.0,0.792370507703,-0.0,0.00519355908221,-0.0,-0.0,-0.0,-0.0,-0.0,-0.0,-0.0,-0.0,-0.0,0.541592068829,-0.0,-0.0,-0.0,0.0100669281562,0.606219631264,-0.0,-0.0,-0.0,-0.0,-0.0
141,-0.0,0.540754350928,0.791726245725,-0.0,-0.0,0.757348453455,0.742951308759,-0.0,-0.0,-0.0,-0.0,-0.0,0.647614113094,-0.0,-0.0,-0.0,-0.0,0.409082761765,-0.0,-0.0,-0.0,-0.0,-0.0,-0.0,-0.0
142,-0.0,0.0107174922646,-0.0,-0.0,-0.0,-0.0,0.000865691358064,-0.0,-0.0,0.463427700745,-0.0,-0.0,-0.0,-0.0,0.536420459632,-0.0,0.585848364135,-0.0,-0.0,0.0150772015666,-0.0,-0.0,-0.0,-0.0,0.396091165223
143,-0.0,-0.0,-0.0,0.538895751637,-0.0,0.757583995691,0.00555469509041,-0.0,-0.0,0.587258573152,-0.0,0.0124594839848,0.012736283764,0.680695214226,-0.0,-0.0,-0.0,-0.0,-0.0,-0.0,-0.0,-0.0,-0.0,-0.0,-0.0
144,-0.0,-0.0,-0.0,-0.0,0.503063271165,0.773016601547,0.615834358517,0.63075302004,-0.0,0.0123279988226,0.0403748515588,-0.0,0.571998671523,0.0247065724632,-0.0,0.00982844321257,-0.0,0.025790356755,0.0266970641937,0.0849394913966,0.0137235190964,0.000146449363779,0.0888280780255,0.0261151974543,-0.0
145,-0.0,-0.0,-0.0,0.531418728045,0.488017248311,0.757198749168,0.59653534988,-0.0,-0.0,0.469086236521,-0.0,-0.0,-0.0,-0.0,-0.0,-0.0,-0.0,-0.0,-0.0,-0.0,-0.0,-0.0,-0.0,-0.0,-0.0
146,-0.0,-0.0,-0.0,-0.0,0.620533741836,0.773797474978,0.597958644225,-0.0,-0.0,-0.0,0.0137750925022,0.600347903611,-0.0,-0.0,0.555439718236,-0.0,-0.0,0.0158618436101,-0.0,-0.0,0.0129000339188,-0.0,-0.0,0.019197614982,-0.0
147,-0.0,0.676334329668,-0.0,-0.0,0.487117093639,0.00100459078333,-0.0,-0.0,-0.0,0.585771207255,0.00961351145416,0.462178184016,0.647597228802,-0.0,-0.0,-0.0,-0.0,0.42737798282,-0.0,-0.0,-0.0,-0.0,-0.0,0.0109672274898,-0.0
148,-0.0,0.00241523299777,-0.0,-0.0,0.607717020127,0.00167360869545,0.752212238307,-0.0,0.613695534059,0.582909781246,0.680809908965,0.588651762553,0.649763301505,-0.0,0.0143373762881,0.413848942758,-0.0,-0.0,-0.0,0.003607409134,-0.0,-0.0,-0.0,0.00708302095896,0.00765901267098
149,-0.0,-0.0,0.790664564287,0.00989296821983,0.629878569476,-0.0,-0.0,0.458069011195,-0.0,-0.0,-0.0,0.0229879301616,-0.0,-0.0,0.449276512515,-0.0,-0.0,-0.0,0.0004732631016,-0.0,-0.0,-0.0,0.610775579929,-0.0,0.0298848941427
150,-0.0,-0.0,-0.0,0.533625779691,-0.0,0.756995385381,-0.0,-0.0,-0.0,-0.0,-0.0,-0.0,-0.0,-0.0,-0.0,-0.0,-0.0,-0.0,-0.0,0.48275788023,-0.0,-0.0,-0.0,-0.0,-0.0
151,-0.0,-0.0,0.629255093845,0.668714190818,0.48124036039,-0.0,0.7369836692,0.594715788891,-0.0,0.465566536067,-0.0,-0.0,0.510587396071,-0.0,-0.0,0.771722619252,-0.0,-0.0,-0.0,-0.0,0.850246675743,-0.0,-0.0,-0.0,-0.0
152,0.274736450999,-0.0,0.790079826229,0.571527332556,0.645711014601,-0.0,-0.0,0.505287134832,-0.0,0.484743971014,0.0258588890628,-0.0,-0.0,-0.0,0.00911732420929,0.448866251703,-0.0,0.421657107837,0.627626850858,0.0814721195776,0.0997896350661,0.000201697404117,0.172028710944,0.0386182492354,0.0179882535937
153,0.272521359374,0.540511488084,0.79157182955,-0.0,0.500637316787,0.761109400622,-0.0,-0.0,0.500477332887,-0.0,-0.0,0.575557415,0.517622977795,-0.0,-0.0,-0.0,-0.0,-0.0,0.0052798687944,-0.0,-0.0,-0.0,-0.0,-0.0,-0.0
154,0.273135794653,-0.0,0.637284486132,0.670189438172,-0.0,-0.0,-0.0,-0.0,-0.0,0.348751336072,0.666941687066,-0.0,-0.0,-0.0,0.578325803215,0.742965662035,-0.0,-0.0,-0.0,-0.0,-0.0,-0.0,-0.0,-0.0,-0.0
155,-0.0,-0.0,0.80668346236,-0.0,-0.0,-0.0,-0.0,-0.0,0.658600265374,0.481112476495,-0.0,0.0203275516364,-0.0,-0.0,0.0202272020841,-0.0,-0.0,-0.0,0.0119004111264,-0.0,0.0111383278143,-0.0,-0.0,0.674742208467,0.0277142186422
156,-0.0,-0.0,0.630828433932,-0.0,0.617838257325,-0.0,-0.0,-0.0,-0.0,-0.0,-0.0,0.108314531069,-0.0,-0.0,-0.0,-0.0,-0.0,0.00233239173434,-0.0,-0.0,0.00946043631602,-0.0,-0.0,0.45104159708,0.362432439915
157,-0.0,-0.0,0.788404744827,0.269682681168,-0.0,-0.0,0.737816138176,0.0016225800107,0.620514753813,-0.0,-0.0,0.570103695245,-0.0,0.638608430476,0.529955756545,-0.0,-0.0,-0.0,0.56988770512,-0.0,0.1838827106,-0.0,-0.0,-0.0,-0.0
158,-0.0,-0.0,-0.0,-0.0,0.243959060765,-0.0,-0.0,0.474885210084,-0.0,-0.0,0.00559391949907,-0.0,-0.0,-0.0,-0.0,-0.0,0.609808213377,-0.0,-0.0,-0.0,-0.0,-0.0,-0.0,-0.0,-0.0
159,-0.0,-0.0,0.7975870433,-0.0,0.000546979218866,-0.0,0.771866072717,0.599021331872,0.00454320426717,0.603616470071,-0.0,-0.0,-0.0,-0.0,-0.0,-0.0,0.00044930203289,-0.0,0.00459312068693,-0.0,-0.0,-0.0,-0.0,0.00548421481653,0.0168014391162
160,-0.0,0.691104423762,-0.0,-0.0,-0.0,-0.0,-0.0,-0.0,-0.0,0.00181686671533,-0.0,-0.0,-0.0,-0.0,-0.0,-0.0,-0.0,-0.0,-0.0,-0.0,-0.0,-0.0,-0.0,0.0114524180264,-0.0
161,-0.0,-0.0,-0.0,-0.0,-0.0,-0.0,0.746596838178,-0.0,-0.0,-0.0,-0.0,-0.0,-0.0,-0.0,0.543834919891,0.0894237425747,-0.0,-0.0,-0.0,-0.0,-0.0,-0.0,-0.0,-0.0,-0.0
162,0.00978784459704,0.00194982057033,-0.0,0.0026547528003,0.00411054325866,0.00542053087568,0.00282808955476,0.00171405576753,-0.0,-0.0,0.783332428254,0.00234836722962,-0.0,-0.0,0.0291289433984,0.28714549707,0.0111639413177,0.031060237564,-0.0,-0.0,0.00961595453035,-0.0,0.0369797765684,0.0190375811376,-0.0
163,-0.0,-0.0,0.790004337817,0.552459246291,-0.0,-0.0,-0.0,0.474100639721,0.624069575827,0.576476736089,-0.0,-0.0,-0.0,-0.0,-0.0,-0.0,-0.0,-0.0,-0.0,-0.0,0.242813731222,-0.0,0.36057860579,-0.0,-0.0
164,-0.0,-0.0,-0.0,-0.0,0.60842930569,-0.0,-0.0,-0.0,0.0338924299487,0.591657763625,-0.0,0.4598410228,-0.0,0.000708185387287,-0.0,0.312065534492,-0.0,-0.0,0.00438067450904,0.603216123172,-0.0,-0.0,-0.0,-0.0,-0.0
165,-0.0,-0.0,-0.0,0.678208323253,-0.0,-0.0,-0.0,0.00127254873783,-0.0,0.474714375569,-0.0,0.465456296195,-0.0,-0.0,0.00593137970304,-0.0,0.0031853580387,-0.0,0.00795165823654,-0.0,-0.0,-0.0,-0.0,-0.0,0.0245761390849
166,-0.0,0.541800658845,-0.0,-0.0,-0.0,-0.0,-0.0,0.00392443434832,-0.0,-0.0,0.000903941040365,-0.0,0.519042936441,-0.0,0.541790059186,-0.0,-0.0,0.330228573831,-0.0,0.0108695974996,-0.0,2.56518434087e-05,0.00632306627212,-0.0,-0.0
167,0.272156357833,0.677343098952,0.632518553129,-0.0,0.61300326821,-0.0,-0.0,-0.0,-0.0,-0.0,-0.0,-0.0,-0.0,-0.0,0.539387935373,-0.0,-0.0,0.409298009519,-0.0,-0.0,-0.0,-0.0,-0.0,-0.0,-0.0
168,0.00540899025608,0.0204081367028,-0.0,-0.0,-0.0,-0.0,0.602589782923,0.475117133945,-0.0,-0.0,-0.0,-0.0,0.0204809260626,-0.0,-0.0,-0.0,-0.0,-0.0,-0.0,-0.0,0.000104715410731,-0.0,-0.0,0.00388777257926,-0.0
169,0.273841026896,-0.0,-0.0,-0.0,-0.0,-0.0,-0.0,0.0153980461654,-0.0,0.354369382823,-0.0,-0.0,-0.0,-0.0,0.0181641860362,-0.0,-0.0,-0.0,-0.0,-0.0,0.0620548756776,-0.0,-0.0,-0.0,-0.0
170,-0.0,-0.0,-0.0,0.00357738812058,-0.0,-0.0,-0.0,-0.0,-0.0,0.588209243109,0.662176960039,-0.0,0.00407363521068,-0.0,0.00934055671363,0.00554695169069,0.000780368765068,-0.0,0.0508373193714,-0.0,0.601876274705,-0.0,-0.0,-0.0,0.0184381625409
171,-0.0,0.00812130804573,0.00230062225219,0.728162658606,-0.0,0.00595572668073,0.595124973471,-0.0,0.674301717519,0.00209977907598,-0.0,-0.0,-0.0,-0.0,0.429345819978,0.314345334842,-0.0,0.0219058225646,0.0614564244791,-0.0,-0.0,-0.0,-0.0,-0.0,-0.0
172,0.276310504941,-0.0,0.804836836577,0.00361567739586,-0.0,0.00163659639802,-0.0,0.00103846745422,-0.0,0.475776259201,-0.0,0.0111920728702,0.259927275915,-0.0,0.489943504425,-0.0,-0.0,0.420056194072,0.0024008652897,-0.0,-0.0,-0.0,-0.0,-0.0,0.0130942323846
173,-0.0,0.691756627249,-0.0,-0.0,0.00162349438152,-0.0,-0.0,-0.0,-0.0,-0.0,0.0165359174384,-0.0,-0.0,-0.0,0.00227746191911,-0.0,0.00948685186381,-0.0,-0.0,-0.0,0.0330706902496,-0.0,0.0454803520263,-0.0,0.0170837872394
174,0.221291422382,-0.0,-0.0,0.53820868665,-0.0,-0.0,-0.0,-0.0,-0.0,-0.0,-0.0,-0.0,-0.0,-0.0,-0.0,-0.0,0.0129689138824,-0.0,-0.0,-0.0,-0.0,1.24461747564e-06,-0.0,0.0276652683121,-0.0
175,0.00370721797512,-0.0,-0.0,-0.0,-0.0,-0.0,0.782002965628,-0.0,-0.0,-0.0,-0.0,0.0059890190334,-0.0,-0.0,-0.0,-0.0,-0.0,-0.0,-0.0,0.0300992261178,0.0490311834941,-0.0,-0.0,-0.0,-0.0
176,-0.0,-0.0,-0.0,0.704811397739,-0.0,0.756322215313,0.745620510825,0.00755911803056,-0.0,-0.0,-0.0,0.00131224523792,-0.0,0.00909170756184,-0.0,-0.0,0.00692089352969,-0.0,-0.0,-0.0,0.200172653291,-0.0,0.00651481349913,-0.0,-0.0
177,-0.0,-0.0,0.631414748205,-0.0,0.612495853286,0.758043295004,-0.0,-0.0,-0.0,-0.0,-0.0,-0.0,-0.0,0.519704559685,-0.0,-0.0,-0.0,-0.0,-0.0,-0.0,-0.0,-0.0,-0.0,0.562443449957,-0.0
178,-0.0,-0.0,0.791397475524,-0.0,0.61477097559,-0.0,-0.0,-0.0,-0.0,-0.0,-0.0,-0.0,-0.0,0.651729329791,-0.0,-0.0,-0.0,-0.0,-0.0,-0.0,-0.0,-0.0,-0.0,-0.0,-0.0
179,-0.0,-0.0,-0.0,-0.0,0.502531691705,-0.0,0.446428189089,0.510891009279,-0.0,0.0120674452719,0.0385213659462,-0.0,-0.0,-0.0,0.540100898796,-0.0,-0.0,0.00939405873462,-0.0,0.0872251025614,-0.0,0.000144053865276,0.0889090380718,0.0254456475199,-0.0
180,0.00733530099266,-0.0,-0.0,0.000482122544838,-0.0,-0.0,0.00124030036155,0.359884518134,-0.0,-0.0,0.0288924122892,-0.0,0.521418119422,-0.0,0.020365079231,-0.0,-0.0,0.0132306494846,-0.0,-0.0,-0.0,-0.0,-0.0,0.448526437571,-0.0
181,-0.0,-0.0,-0.0,-0.0,0.613769388626,-0.0,-0.0,-0.0,-0.0,0.351066719079,-0.0,-0.0,-0.0,0.650835686727,-0.0,-0.0,-0.0,-0.0,-0.0,-0.0,-0.0,-0.0,-0.0,-0.0,-0.0
182,-0.0,-0.0,-0.0,0.0309561112297,0.0287522788293,-0.0,-0.0,0.0317471025078,-0.0,0.0115823223622,0.0403130293749,0.0206149366547,0.00531901947499,-0.0,0.0255395192045,0.0136696548493,-0.0,0.0160654296758,0.0548777979714,0.0955185705439,0.106928736484,0.000197030291713,0.243444593515,0.0372875774795,0.0421152855329
183,-0.0,-0.0,-0.0,-0.0,-0.0,-0.0,-0.0,-0.0,0.0404391813107,0.362809454703,-0.0,-0.0,-0.0,0.00531910193237,-0.0,0.324429970397,-0.0,-0.0,0.0137446750681,0.00381622539595,-0.0,-0.0,-0.0,-0.0,-0.0
184,-0.0,-0.0,-0.0,-0.0,-0.0,0.759968970094,-0.0,-0.0,-0.0,0.352599730295,-0.0,-0.0,-0.0,0.520898743496,-0.0,-0.0,-0.0,-0.0,-0.0,-0.0,-0.0,-0.0,-0.0,-0.0,-0.0
185,-0.0,-0.0,0.788963807629,-0.0,-0.0,-0.0,-0.0,0.58306283486,-0.0,-0.0,-0.0,-0.0,-0.0,-0.0,-0.0,-0.0,-0.0,-0.0,0.609128108492,-0.0,-0.0,-0.0,-0.0,-0.0,0.464436268455
186,-0.0,0.67570276399,-0.0,-0.0,-0.0,-0.0,-0.0,-0.0,-0.0,-0.0,-0.0,-0.0,0.651471405075,-0.0,-0.0,-0.0,-0.0,-0.0,-0.0,-0.0,-0.0,-0.0,-0.0,0.564088564948,-0.0
187,-0.0,-0.0,0.316614593466,-0.0,-0.0,-0.0,-0.0,-0.0,-0.0,-0.0,-0.0,0.459734542144,-0.0,-0.0,0.541637600576,-0.0,-0.0,-0.0,-0.0,-0.0,-0.0,-0.0,-0.0,-0.0,-0.0
188,-0.0,-0.0,0.633645493427,-0.0,0.490342770149,-0.0,-0.0,-0.0,-0.0,0.476927194308,-0.0,0.373390588807,-0.0,-0.0,0.0236189310062,-0.0,-0.0,-0.0,0.0128987307451,-0.0,0.00419115916541,-0.0,-0.0,0.0298018596355,0.0329151002224
189,0.000144715046619,-0.0,-0.0,0.0335713579805,-0.0,-0.0,-0.0,0.0154304186555,-0.0,0.00376602611615,-0.0,0.00488880390233,0.390994889406,-0.0,0.012295394598,-0.0,0.0112250768636,-0.0,0.0190901989283,-0.0,0.290267357248,-0.0,0.0184616146383,-0.0,0.0368924608846
190,-0.0,-0.0,-0.0,-0.0,0.613945937299,-0.0,-0.0,-0.0,-0.0,-0.0,-0.0,-0.0,-0.0,0.65112467918,0.432477882316,-0.0,-0.0,-0.0,-0.0,-0.0,-0.0,-0.0,-0.0,-0.0,-0.0
191,-0.0,-0.0,-0.0,-0.0,0.00405560781217,-0.0,-0.0,0.0212301844649,0.0292416820806,0.489209429822,0.028333377762,-0.0,-0.0,-0.0,-0.0,0.25235902653,-0.0,0.339698778801,-0.0,0.0757987070957,-0.0,0.0001149235968,0.0687602918605,0.0116869018475,0.264262553913
192,-0.0,0.68844408978,0.00157225010537,0.743519463261,0.00405099103792,0.767669361283,0.750623784548,-0.0,0.118694043024,-0.0,-0.0,0.475685041723,0.680493379517,0.569562193268,-0.0,-0.0,-0.0,0.359415943073,0.0308863456816,-0.0,-0.0,-0.0,-0.0,-0.0,-0.0
193,0.271143079057,0.676873086509,-0.0,-0.0,-0.0,-0.0,0.7528707827,0.350468055262,-0.0,0.348775108157,-0.0,0.34233859672,0.0187972926671,0.667004165911,-0.0,-0.0,-0.0,0.00270097930265,0.00958936924772,-0.0,-0.0,-0.0,-0.0,-0.0,0.0819421570837
194,0.277235049729,-0.0,0.792862687666,0.00975521713263,0.614371376169,-0.0,0.803461922778,0.00166067396391,0.628154397375,0.591835034458,-0.0,0.00408275466381,-0.0,-0.0,-0.0,-0.0,-0.0,-0.0,-0.0,0.0145108669476,0.271178525807,-0.0,-0.0,-0.0,0.00581907973785
195,-0.0,0.000206696133252,0.791885035121,0.675913845981,-0.0,0.77991535779,-0.0,0.596230117811,-0.0,0.350552362722,-0.0,-0.0,-0.0,-0.0,-0.0,-0.0,-0.0,-0.0,-0.0,-0.0,-0.0,-0.0,-0.0,-0.0,-0.0
196,-0.0,-0.0,0.790181150128,0.666554088189,0.364175163551,-0.0,-0.0,-0.0,-0.0,-0.0,-0.0,-0.0,-0.0,-0.0,-0.0,-0.0,-0.0,-0.0,-0.0,-0.0,-0.0,-0.0,-0.0,-0.0,0.355078957766
197,-0.0,-0.0,0.796470948356,-0.0,-0.0,-0.0,-0.0,-0.0,-0.0,-0.0,-0.0,-0.0,0.530327717358,-0.0,-0.0,-0.0,-0.0,-0.0,-0.0,-0.0,-0.0,-0.0,-0.0,-0.0,-0.0
198,-0.0,0.00250798023974,0.791349384501,-0.0,-0.0,-0.0,0.595889829717,-0.0,-0.0,-0.0,0.529707294096,0.458821070786,-0.0,-0.0,-0.0,-0.0,0.00525699572756,-0.0,-0.0,-0.0,-0.0,-0.0,0.502722913748,-0.0,-0.0
199,-0.0,0.00356301066485,-0.0,0.0164581883317,0.504572896152,-0.0,-0.0,0.536417140194,-0.0,0.0062229003903,0.729186766237,-0.0,-0.0,-0.0,0.0135892085927,-0.0,0.00395281927623,0.0031437930272,-0.0,0.0762184856207,0.381609793619,8.94355493608e-05,0.118817399447,0.0455448493048,0.0084703247022
200,-0.0,-0.0,-0.0,0.640485870625,0.482281299392,-0.0,0.737437455397,-0.0,-0.0,0.470587830067,-0.0,0.0184478699183,-0.0,-0.0,0.566404007854,-0.0,-0.0,-0.0,0.593289289264,-0.0,0.576435587164,-0.0,-0.0,0.0293034388891,0.0270400405497
201,0.27073162825,-0.0,0.78959072765,-0.0,-0.0,0.76027147512,-0.0,0.580351527796,-0.0,0.461941919712,-0.0,-0.0,-0.0,0.646894445033,0.532813356807,-0.0,-0.0,-0.0,-0.0,-0.0,-0.0,-0.0,-0.0,-0.0,0.441532783956
202,0.00569288601381,-0.0,0.00580344675612,-0.0,-0.0,-0.0,-0.0,-0.0,-0.0,-0.0,0.666303331632,-0.0,-0.0,-0.0,-0.0,-0.0,0.605718618041,0.00573582720234,0.0181812281638,-0.0,-0.0,-0.0,-0.0,-0.0,0.00211558845089
203,-0.0,0.54186514782,-0.0,-0.0,-0.0,-0.0,-0.0,-0.0,-0.0,-0.0,-0.0,0.345412353099,-0.0,-0.0,-0.0,0.448183142105,0.57699006917,-0.0,-0.0,-0.0,-0.0,-0.0,-0.0,-0.0,-0.0
204,-0.0,0.680152736502,-0.0,-0.0,-0.0,-0.0,-0.0,-0.0,-0.0,-0.0,0.668384113736,-0.0,-0.0,-0.0,-0.0,-0.0,-0.0,-0.0,-0.0,-0.0,-0.0,-0.0,-0.0,-0.0,-0.0
205,-0.0,0.690984835014,-0.0,0.00613914522271,-0.0,-0.0,-0.0,-0.0,0.00363019305358,-0.0,-0.0,0.47076329242,-0.0,-0.0,-0.0,-0.0,-0.0,-0.0,-0.0,-0.0,-0.0,-0.0,-0.0,0.561781355963,-0.0
206,-0.0,-0.0,-0.0,-0.0,-0.0,-0.0,-0.0,-0.0,-0.0,0.59194368046,-0.0,-0.0,0.000215135396211,0.00285702343415,0.328769948371,-0.0,-0.0,0.00126453603434,-0.0,0.000911475244424,-0.0,-0.0,-0.0,-0.0,-0.0
207,-0.0,-0.0,-0.0,-0.0,0.48953693653,-0.0,-0.0,0.232496463282,-0.0,-0.0,0.664875515806,-0.0,-0.0,-0.0,-0.0,-0.0,-0.0,-0.0,-0.0,-0.0,-0.0,-0.0,-0.0,-0.0,-0.0
208,0.00497353061986,0.720732368527,0.792807057589,-0.0,7.26341135715e-05,-0.0,0.00302602631323,-0.0,-0.0,-0.0,-0.0,-0.0,0.0165241342267,-0.0,-0.0,-0.0,-0.0,-0.0,-0.0,0.0356881105391,0.00629271213068,-0.0,-0.0,0.00331755516625,0.0307573144777
209,0.00064054541764,0.0054132114562,0.0154185437382,-0.0,-0.0,0.760414140619,0.00303009910408,-0.0,0.00515776175663,-0.0,-0.0,0.00157052203514,0.0068905266186,-0.0,-0.0,-0.0,-0.0,0.00192409701958,-0.0,-0.0,0.00448814772945,-0.0,0.00568775493096,0.0395182488897,0.01366371976
210,-0.0,0.00346554389319,0.792530312259,-0.0,0.00333322399982,0.0019474337839,0.00675926231403,0.0140239230114,0.0165685880269,0.00518051120791,0.0276304843599,-0.0,0.0226815728051,-0.0,0.00850839611587,-0.0,-0.0,0.00370037890247,-0.0,0.725512735418,-0.0,6.97811698956e-05,0.0545122331565,0.00918985589697,0.00325518880249
211,-0.0,-0.0,-0.0,-0.0,-0.0,-0.0,-0.0,-0.0,-0.0,-0.0,-0.0,-0.0,-0.0,0.526635444888,-0.0,-0.0,0.573776799989,-0.0,-0.0,-0.0,-0.0,-0.0,-0.0,0.565201423897,-0.0
212,0.00108999186689,0.0101020836149,-0.0,0.00204593640613,-0.0,0.00580619699584,-0.0,0.00100463926444,0.0045383273553,0.512129036738,-0.0,0.00228109538957,-0.0,0.0139930165218,0.0242198900115,0.71659616023,0.00912856182197,-0.0,0.0172680733791,-0.0,-0.0,-0.0,0.0919245468139,0.000305124202288,0.0350730856834
213,-0.0,-0.0,-0.0,-0.0,-0.0,-0.0,0.00960043484918,-0.0,-0.0,0.589102460484,-0.0,0.576897875552,0.692822830732,0.0187291344349,-0.0,0.00734291557733,-0.0,0.00942194120819,0.0217085061411,-0.0,-0.0,-0.0,-0.0,-0.0,-0.0
214,-0.0,0.682927639679,-0.0,0.673145971924,-0.0,0.755882735935,-0.0,-0.0,-0.0,0.000732783766183,-0.0,-0.0,-0.0,0.000974297085348,-0.0,-0.0,-0.0,-0.0,-0.0,-0.0,-0.0,-0.0,-0.0,0.572778564068,-0.0
215,-0.0,0.678021480103,-0.0,-0.0,-0.0,0.757446494874,-0.0,-0.0,-0.0,0.588204074637,-0.0,-0.0,-0.0,-0.0,-0.0,-0.0,-0.0,0.328341892486,-0.0,-0.0,-0.0,-0.0,-0.0,-0.0,-0.0
216,6.3298723162e-05,0.00991394135741,-0.0,0.540763370332,-0.0,-0.0,0.595287425074,0.000247871117089,0.00152104118016,0.588902486233,-0.0,0.024397783811,-0.0,-0.0,0.00201618082978,-0.0,0.00964671016839,0.427980759831,-0.0,-0.0,-0.0,-0.0,-0.0,-0.0,-0.0
217,-0.0,-0.0,-0.0,0.667127852964,0.486128756325,-0.0,0.744371135032,-0.0,-0.0,0.469043283593,-0.0,-0.0,0.519460833004,-0.0,-0.0,-0.0,-0.0,-0.0,-0.0,-0.0,-0.0,-0.0,-0.0,-0.0,-0.0
218,-0.0,-0.0,0.793016332425,-0.0,-0.0,0.760525651148,-0.0,-0.0,-0.0,-0.0,-0.0,-0.0,-0.0,-0.0,-0.0,-0.0,-0.0,-0.0,-0.0,-0.0,-0.0,-0.0,-0.0,-0.0,-0.0
219,-0.0,0.00851367771556,-0.0,-0.0,0.243663258824,-0.0,-0.0,0.592918315817,-0.0,-0.0,0.00200048672647,-0.0,-0.0,-0.0,-0.0,-0.0,0.836551565728,-0.0,-0.0,-0.0,0.0120188975522,-0.0,0.0194650598785,0.0038880279412,-0.0
220,0.277348927124,-0.0,-0.0,-0.0,-0.0,0.00292435568165,-0.0,-0.0,-0.0,0.59630857813,-0.0,-0.0,-0.0,-0.0,-0.0,-0.0,-0.0,0.0203663937702,-0.0,-0.0,-0.0,-0.0,-0.0,-0.0,-0.0
221,-0.0,-0.0,-0.0,-0.0,-0.0,0.762764513757,-0.0,-0.0,-0.0,0.348484686264,-0.0,-0.0,-0.0,-0.0,-0.0,-0.0,-0.0,0.000816242336277,-0.0,-0.0,-0.0,-0.0,0.380527218804,-0.0,-0.0
222,0.0012608018804,-0.0,-0.0,-0.0,0.490737367359,-0.0,-0.0,-0.0,-0.0,-0.0,-0.0,-0.0,-0.0,-0.0,-0.0,-0.0,-0.0,-0.0,-0.0,-0.0,-0.0,-0.0,-0.0,0.588999788059,-0.0
223,-0.0,-0.0,-0.0,-0.0,-0.0,-0.0,-0.0,-0.0,-0.0,-0.0,-0.0,-0.0,-0.0,-0.0,-0.0,0.448207513652,-0.0,-0.0,-0.0,-0.0,-0.0,-0.0,-0.0,0.578230051075,-0.0
224,-0.0,0.544928913969,0.796087077723,-0.0,-0.0,-0.0,-0.0,0.00658121719022,-0.0,-0.0,-0.0,-0.0,-0.0,-0.0,-0.0,-0.0,0.00503904874946,0.000119831805116,0.00167338461842,-0.0,-0.0,-0.0,-0.0,-0.0,0.00563344547895
225,-0.0,-0.0,0.792775003527,-0.0,0.614898126148,0.759643961648,-0.0,-0.0,-0.0,-0.0,-0.0,-0.0,-0.0,-0.0,-0.0,-0.0,-0.0,-0.0,-0.0,-0.0,-0.0,-0.0,-0.0,-0.0,-0.0
226,-0.0,0.683491704878,-0.0,0.687833772092,-0.0,0.780415267889,-0.0,0.000900767959924,-0.0,-0.0,-0.0,-0.0,0.00370432908764,-0.0,0.00309090163427,0.467018313975,-0.0,-0.0,0.0122869830846,-0.0,0.084522067737,2.59236870764e-05,0.0168410687159,0.00235788921907,-0.0
227,0.000683652929184,0.00661129189365,0.63067372786,-0.0,-0.0,-0.0,-0.0,0.381166855929,0.732696829007,0.592461692963,-0.0,-0.0,0.0117282698829,0.0262364627593,0.567382407632,0.233295207846,0.0174662577371,-0.0,0.0332260298354,0.000512346718142,0.801692687554,5.83302857601e-07,0.012127755748,-0.0,-0.0
228,-0.0,0.679783008259,-0.0,-0.0,-0.0,-0.0,-0.0,0.611240717681,0.0483315615638,-0.0,-0.0,-0.0,0.672037818869,0.682445973525,-0.0,-0.0,0.632297902075,-0.0,-0.0,-0.0,-0.0,-0.0,0.0221701113883,-0.0,-0.0
229,0.218332094443,-0.0,-0.0,-0.0,0.50042974978,0.769473895468,0.00789910763966,0.0350699501054,0.0251503708155,0.622484841876,0.0402955935137,0.245854143171,-0.0,-0.0,-0.0,0.246642333804,-0.0,0.0111508111968,0.000463010153552,0.0961575832733,-0.0,0.00015735347705,0.0892425640742,0.0217251102219,-0.0
230,0.21865756371,0.0146969170839,0.00140439445042,0.0276308125482,0.383359207264,-0.0,-0.0,0.476817493019,0.0214215131496,0.0153380640185,-0.0,0.00660089444571,-0.0,-0.0,0.546850321023,-0.0,0.0884346978978,-0.0,0.0014209134289,0.00394887128256,-0.0,-0.0,-0.0,-0.0,0.0100589630927
231,0.273604679129,0.557623786075,-0.0,-0.0,-0.0,-0.0,-0.0,-0.0,0.019083478994,0.00175282547575,-0.0,0.591306283748,-0.0,0.522172411095,-0.0,0.187956595494,-0.0,0.00911046894564,-0.0,-0.0,-0.0,-0.0,-0.0,-0.0,-0.0
232,-0.0,-0.0,-0.0,-0.0,0.491632217243,-0.0,-0.0,-0.0,0.0103033876792,0.000939814203398,-0.0,-0.0,-0.0,-0.0,-0.0,0.7887672028,-0.0,-0.0,-0.0,-0.0,-0.0,-0.0,-0.0,-0.0,-0.0
233,-0.0,0.00960850133257,0.794121438165,0.0367710807436,-0.0,0.769348494139,-0.0,-0.0,0.00473407618905,0.588257108208,-0.0,-0.0,-0.0,-0.0,-0.0,0.799224926836,-0.0,0.0211000396946,0.0458288111447,-0.0,0.608164574352,-0.0,-0.0,-0.0,-0.0
234,0.284071377903,-0.0,0.799381029889,-0.0,-0.0,-0.0,0.00111828105667,0.600589643705,-0.0,-0.0,0.706737626356,-0.0,0.653175080462,-0.0,0.0206018398497,-0.0,-0.0,0.0115328091729,-0.0,-0.0,-0.0,-0.0,-0.0,-0.0,-0.0
235,0.275685822447,0.673954659013,-0.0,-0.0,-0.0,-0.0,-0.0,0.586618234007,-0.0,-0.0,-0.0,-0.0,0.650869474963,-0.0,0.100960014459,-0.0,-0.0,-0.0,-0.0,-0.0,-0.0,-0.0,-0.0,0.572521518127,-0.0
236,-0.0,-0.0,0.796781355749,0.0153335129725,0.521177670675,-0.0,0.772045139682,-0.0,-0.0,0.611601218872,-0.0,-0.0,0.536808048812,0.0192204762839,0.434761501227,-0.0,-0.0,-0.0,-0.0,-0.0,-0.0,-0.0,-0.0,-0.0,-0.0
237,-0.0,-0.0,0.792286016659,-0.0,0.00745877357716,-0.0,-0.0,0.0350637184974,0.00121344104365,0.489221937857,0.0437080806042,-0.0,0.673413138998,-0.0,-0.0,-0.0,-0.0,0.00957473180716,-0.0,0.114376808965,-0.0,0.000157556890198,0.112098860992,0.030356928544,0.00329899818747
238,-0.0,-0.0,-0.0,0.5393966414,0.00137849794585,-0.0,-0.0,-0.0,-0.0,-0.0,0.705912301803,-0.0,-0.0,-0.0,-0.0,0.00559608093395,-0.0,-0.0,-0.0,-0.0,-0.0,-0.0,0.0384060485279,-0.0,-0.0
239,-0.0,-0.0,-0.0,-0.0,-0.0,-0.0,-0.0,-0.0,-0.0,-0.0,-0.0,-0.0,-0.0,-0.0,-0.0,-0.0,-0.0,-0.0,-0.0,-0.0,-0.0,2.765286531,-0.0,-0.0,-0.0
240,-0.0,0.00403127061139,-0.0,-0.0,0.494920440261,-0.0,0.753660640458,-0.0,-0.0,-0.0,-0.0,-0.0,-0.0,-0.0,-0.0,-0.0,-0.0,-0.0,-0.0,-0.0,-0.0,-0.0,-0.0,-0.0,-0.0
241,-0.0,-0.0,0.793016332425,-0.0,-0.0,0.760525651148,-0.0,-0.0,-0.0,-0.0,-0.0,-0.0,-0.0,-0.0,-0.0,-0.0,-0.0,-0.0,-0.0,-0.0,-0.0,-0.0,-0.0,-0.0,-0.0
242,-0.0,0.00346213619355,-0.0,0.678547449094,-0.0,-0.0,-0.0,-0.0,-0.0,-0.0,-0.0,-0.0,-0.0,-0.0,0.00204030990572,-0.0,0.18046047989,-0.0,-0.0,-0.0,-0.0,-0.0,-0.0,0.0193752373577,-0.0
243,0.000451849850099,0.698673245088,-0.0,-0.0,-0.0,0.00495457431382,-0.0,-0.0,-0.0,0.624552656868,-0.0,-0.0,-0.0,0.0134756332919,0.00598877961346,-0.0,-0.0,-0.0,-0.0,-0.0,-0.0,-0.0,0.0694431632207,0.586682647551,-0.0
244,-0.0,-0.0,-0.0,-0.0,-0.0,-0.0,-0.0,-0.0,-0.0,-0.0,-0.0,-0.0,0.66148824822,-0.0,-0.0,-0.0,0.00984076472449,0.41498593496,-0.0,-0.0,-0.0,-0.0,0.00533627074158,-0.0,-0.0
245,0.276616641047,0.680273150049,0.792067354856,-0.0,-0.0,0.769569986256,-0.0,-0.0,-0.0,-0.0,-0.0,-0.0,-0.0,0.652658670036,-0.0,-0.0,-0.0,-0.0,-0.0,-0.0,-0.0,1.02333546294e-05,0.0125506861603,-0.0,-0.0
246,0.226648366988,-0.0,-0.0,-0.0,-0.0,0.607673354479,-0.0,-0.0,-0.0,-0.0,-0.0,-0.0,-0.0,0.0278752666546,-0.0,-0.0,0.581846938488,-0.0,-0.0,-0.0,-0.0,-0.0,-0.0,-0.0,0.0063759557456
247,0.271788742248,0.697939952579,0.00176653633335,0.733883067287,-0.0,0.00723242835865,0.750111387611,0.00805025102986,-0.0,0.604938768246,0.546791227214,0.463106432545,0.517908390854,-0.0,-0.0,0.00389610189814,-0.0,0.0214769569632,0.0399837291758,0.0157248249704,-0.0,5.10002299852e-05,0.00726675970278,0.00618965155484,-0.0
248,0.278347671218,0.717077850437,-0.0,-0.0,0.608682853111,0.766495438595,0.445867608001,0.347023591315,0.469683690562,0.492607223482,-0.0,-0.0,0.664497829661,0.519371589105,0.11037018169,0.408917958929,-0.0,-0.0,-0.0,-0.0,-0.0,-0.0,0.0531008226013,0.00706516314657,-0.0
249,-0.0,0.668750337094,0.790698759118,0.531473491149,-0.0,-0.0,0.754548931918,0.349489066523,0.625736421219,-0.0,0.654715693483,0.0341697978708,0.662238456369,0.0100922687096,0.56769698627,-0.0,0.00488161570167,-0.0,-0.0,0.591808673573,-0.0,-0.0,-0.0,0.658881813646,0.0444820541825
250,-0.0,-0.0,0.630576921418,0.660851240579,-0.0,-0.0,0.442394823509,0.46804817586,-0.0,4.32982914529e-05,-0.0,0.604614403892,-0.0,0.512055866304,0.459872181751,-0.0,-0.0,0.403535758109,-0.0,-0.0,-0.0,-0.0,-0.0,0.0279181534644,0.0327900322841
251,0.274772335896,0.739605228142,0.796182974858,0.754850551783,0.0109614973495,0.816151901901,0.00498282033217,0.591098267616,0.677113200973,0.502191284587,-0.0,0.509478395019,-0.0,0.00120028451806,0.580452404113,-0.0,-0.0,0.0365150506856,0.0494826440785,0.0155423236429,-0.0,-0.0,0.0457024543102,-0.0,-0.0
252,0.269604505578,-0.0,0.790435256618,-0.0,0.013571286928,-0.0,0.00578368640956,0.00870203559537,0.631854947706,0.481982422748,0.00570451651615,0.570795771874,0.578144467082,0.70670292422,-0.0,0.030568529793,-0.0,0.352302332685,0.0118009908752,0.541805856434,-0.0,6.63634770889e-05,0.0177013784066,-0.0,-0.0
253,0.2727924822,-0.0,0.785070041174,0.675019398516,0.494566660625,-0.0,-0.0,0.343025465312,0.735254590648,0.452727230644,0.635923016429,-0.0,0.536122601094,0.400858239723,0.101058290874,0.201486870843,0.000908847713601,-0.0,-0.0,-0.0,-0.0,-0.0,0.536354884827,-0.0,0.498622435468
254,0.00386167133281,0.687605080619,0.798680656638,0.715420827777,0.613008242999,0.00233052008827,-0.0,0.607912283652,-0.0,-0.0,-0.0,0.00374804771217,0.654954480494,-0.0,0.580430632808,0.474916988448,0.0277616222243,0.436040401248,0.09284878952,-0.0,0.148993688852,-0.0,-0.0,-0.0,0.0173991332385
255,0.278220505888,0.682833090827,-0.0,-0.0,0.00637470687257,-0.0,0.62804606519,0.651205455141,0.0533961529029,0.00864372319759,0.714717209379,0.467526460427,0.000224817337905,0.547756679913,-0.0,-0.0,0.0249608071673,0.00138383244885,-0.0,0.105019847162,0.0156389930973,0.000135581708232,0.10044358987,0.0159133868899,-0.0
256,-0.0,0.678885742693,0.788917256307,-0.0,0.620662315199,0.754284922879,-0.0,0.494605328927,-0.0,0.473799787572,0.717432341419,-0.0,0.520348352469,-0.0,-0.0,0.337011445912,-0.0,0.00228562722536,-0.0,0.0370189418473,0.678850021015,0.000103324188037,0.017317730899,0.37154588749,-0.0
257,0.0044882133692,0.000863923630224,0.794099032284,-0.0,-0.0,0.00965729086364,-0.0,-0.0,-0.0,0.590210602588,-0.0,-0.0,-0.0,0.000812247324129,-0.0,-0.0,-0.0,-0.0,0.00432674859935,-0.0,-0.0,5.16225004034e-06,0.0135594625786,-0.0,-0.0
258,-0.0,-0.0,0.791411781267,0.000964338759353,0.0175695465661,0.00809785680488,0.593404811639,-0.0,0.660075104523,0.591961417684,-0.0,-0.0,-0.0,-0.0,-0.0,-0.0,-0.0,-0.0,0.0112795958284,-0.0,0.52970336896,3.79911654147e-06,-0.0,-0.0,-0.0
259,-0.0,-0.0,0.791103480052,0.546331342448,0.627640469814,0.784807395484,0.747526448337,-0.0,0.0115825813675,0.468006494107,0.541685059995,-0.0,-0.0,-0.0,0.544307544545,-0.0,-0.0,-0.0,-0.0,-0.0,-0.0,-0.0,-0.0,-0.0,-0.0
260,-0.0,0.680837475792,0.794726130516,-0.0,-0.0,-0.0,0.743917030665,-0.0,-0.0,0.465490866795,-0.0,-0.0,-0.0,-0.0,0.105411263513,-0.0,0.804643971898,0.411501666497,-0.0,-0.0,-0.0,-0.0,-0.0,0.00118052234185,-0.0
261,0.28193315751,0.543042715248,-0.0,-0.0,-0.0,-0.0,-0.0,0.00170357095515,-0.0,0.589594746714,-0.0,-0.0,-0.0,0.0287975723755,-0.0,-0.0,-0.0,-0.0,0.00219828161113,-0.0,-0.0,-0.0,-0.0,-0.0,0.00693104804031
262,0.000472535199157,-0.0,0.643489146376,-0.0,-0.0,-0.0,-0.0,-0.0,-0.0,-0.0,0.687270448942,-0.0,-0.0,0.00148215595851,0.335110274078,0.481979833699,-0.0,0.00167321840514,-0.0,-0.0,-0.0,-0.0,-0.0,-0.0,-0.0
263,-0.0,-0.0,-0.0,-0.0,-0.0,0.758727719731,-0.0,0.478352525043,-0.0,-0.0,-0.0,-0.0,-0.0,-0.0,-0.0,-0.0,-0.0,0.328289888427,0.601679273591,-0.0,-0.0,-0.0,-0.0,-0.0,-0.0
264,-0.0,-0.0,-0.0,0.0147076318379,-0.0,-0.0,-0.0,-0.0,0.0396302291643,0.480793527855,-0.0,0.00230619921981,-0.0,0.0220958182194,-0.0,0.322539426128,0.0107454012589,-0.0,0.0129224943388,0.0111321864429,-0.0,-0.0,-0.0,-0.0,-0.0
265,0.276638607541,0.685548063802,0.791161029732,-0.0,-0.0,-0.0,-0.0,-0.0,-0.0,0.466032379728,0.704866683799,0.458968206996,-0.0,-0.0,-0.0,-0.0,-0.0,-0.0,0.657942642405,-0.0,-0.0,-0.0,-0.0,-0.0,-0.0
266,0.275915809091,0.133264356942,-0.0,-0.0,-0.0,-0.0,-0.0,0.00821407772943,0.733776587697,0.46707561603,-0.0,-0.0,0.664109541635,0.0192730423974,-0.0,0.214317284682,0.0205404913105,-0.0,-0.0,-0.0,-0.0,-0.0,0.395883110181,-0.0,-0.0
267,-0.0,-0.0,0.792865525794,-0.0,-0.0,-0.0,0.597330167408,-0.0,0.0328886475626,0.00612941323472,-0.0,-0.0,-0.0,0.00353015187847,-0.0,0.262333624073,-0.0,-0.0,0.0100211124711,0.00325345939098,-0.0,-0.0,-0.0,-0.0,-0.0
268,0.000778028824785,0.0107151234155,0.634741791305,0.0139538134533,0.638792093833,0.00592843043756,-0.0,0.591305303433,0.000365192295156,0.518430008241,-0.0,-0.0,0.0127280690885,0.0376195623723,0.0108627091396,-0.0,-0.0,-0.0,-0.0,-0.0,-0.0,-0.0,0.067983936532,-0.0,-0.0
269,-0.0,-0.0,0.790788945831,-0.0,-0.0,-0.0,-0.0,-0.0,-0.0,0.350596711078,-0.0,-0.0,-0.0,-0.0,-0.0,-0.0,-0.0,-0.0,-0.0,-0.0,0.608674496801,-0.0,-0.0,-0.0,-0.0
270,-0.0,-0.0,-0.0,-0.0,-0.0,0.760140313377,-0.0,0.593735527792,-0.0,-0.0,-0.0,-0.0,0.391663503851,-0.0,-0.0,-0.0,-0.0,-0.0,-0.0,-0.0,-0.0,-0.0,-0.0,-0.0,-0.0
271,0.00171299333497,0.702047609466,-0.0,0.00125009901929,-0.0,-0.0,-0.0,0.0215448907041,0.0626807944367,-0.0,-0.0,0.0076059523374,0.6621000669,0.0153132413617,0.0050271119273,-0.0,0.815571872703,-0.0,-0.0,-0.0,-0.0,-0.0,0.0171820796799,0.00519729155748,-0.0
272,-0.0,0.672514549831,-0.0,0.0192004508772,0.623584211625,-0.0,-0.0,-0.0,-0.0,-0.0,-0.0,0.387481125878,0.656184318727,-0.0,0.475453484449,-0.0,-0.0,-0.0,0.0594561060729,-0.0,0.102225576124,1.60063069192e-05,0.0990436362249,0.589404572969,0.0459403603139
273,0.000218503976696,0.00744255502827,-0.0,0.00416881151335,-0.0,0.00449478754285,0.00937125449012,-0.0,0.00897332678555,0.621028727876,0.683217788724,0.0195379054293,0.0238493615329,0.0503297040496,0.00511423282199,-0.0,0.0062880666342,0.00309126760934,-0.0,-0.0,0.0175253459579,-0.0,0.0486149657996,0.00228893525699,-0.0
274,-0.0,-0.0,0.793015124258,-0.0,-0.0,0.761447960374,-0.0,-0.0,-0.0,-0.0,-0.0,-0.0,-0.0,-0.0,-0.0,-0.0,-0.0,-0.0,-0.0,0.00158051203639,-0.0,-0.0,-0.0,-0.0,-0.0
275,-0.0,0.678990608223,0.790090461234,-0.0,0.612398544284,-0.0,-0.0,-0.0,-0.0,-0.0,-0.0,-0.0,-0.0,-0.0,-0.0,-0.0,-0.0,-0.0,-0.0,-0.0,-0.0,-0.0,-0.0,-0.0,0.445220789625
276,-0.0,-0.0,0.634013135555,-0.0,0.00163307085477,-0.0,-0.0,-0.0,-0.0,-0.0,0.00415513911952,-0.0,-0.0,-0.0,0.00039213810499,-0.0,-0.0,-0.0,-0.0,0.628596406297,0.00689708368485,-0.0,-0.0,0.021727275104,0.0140502807367
277,0.281142239508,0.700805468072,0.791218287449,0.0240918227462,-0.0,-0.0,0.624295759278,0.610434100392,-0.0,-0.0,0.0209667808035,0.266045206322,0.0610995032967,0.0566712380675,0.00853232569643,0.00778089369001,-0.0,0.464948682838,0.00589575534413,-0.0,0.293311236441,-0.0,-0.0,-0.0,0.00772317957076
278,0.275858203777,-0.0,-0.0,-0.0,0.0042145741351,0.760944647467,-0.0,-0.0,-0.0,-0.0,-0.0,-0.0,-0.0,-0.0,-0.0,0.000739763335655,-0.0,0.0037302568031,0.00660031145532,-0.0,-0.0,-0.0,-0.0,-0.0,0.0168817979898
279,0.21896023692,-0.0,0.640668153297,-0.0,0.499616038512,-0.0,-0.0,0.616154801782,0.237605887862,0.592071835059,0.0661016377245,-0.0,-0.0,-0.0,-0.0,-0.0,-0.0,0.00294852133333,-0.0,0.0520937561878,-0.0,9.60188304658e-05,0.634757271114,0.0106911382111,-0.0
280,0.278966208231,0.683159184392,0.792184993749,-0.0,-0.0,0.758663864811,0.734529052246,0.449572391662,0.626664021671,0.0259128082666,-0.0,0.595787911075,-0.0,-0.0,0.0223347491001,-0.0,-0.0,-0.0,0.493426525736,-0.0,0.585225638376,-0.0,0.0401928981658,0.0222255983205,0.487340913944
281,0.00175598807791,-0.0,-0.0,-0.0,0.613214583083,0.804767374613,0.796068186616,-0.0,-0.0,-0.0,-0.0,0.607965978722,-0.0,-0.0,0.438461995901,-0.0,-0.0,-0.0,-0.0,0.032247398067,0.866155094137,-0.0,-0.0,-0.0,-0.0
282,0.00483652206809,0.681474025861,0.789590672328,0.685340729157,0.616348153245,-0.0,-0.0,0.602722745139,-0.0,-0.0,0.686360761139,-0.0,-0.0,0.689127747801,-0.0,0.0809820874764,-0.0,-0.0,-0.0,0.00517671636103,-0.0,-0.0,-0.0,0.0343791032421,0.0184794923691
283,0.274016187693,-0.0,0.791834643692,-0.0,-0.0,-0.0,-0.0,-0.0,0.641597142572,-0.0,-0.0,-0.0,-0.0,-0.0,-0.0,-0.0,-0.0,0.336199395404,-0.0,-0.0,-0.0,-0.0,-0.0,-0.0,-0.0
284,0.269900103465,-0.0,-0.0,-0.0,-0.0,-0.0,0.756448246981,0.465709121195,0.0238253176954,0.58918759333,0.388583086816,-0.0,0.0348321966674,0.685642606397,0.536252932369,0.249117478809,-0.0,0.00332909070275,0.529053498682,-0.0,-0.0,-0.0,-0.0,-0.0,-0.0
285,-0.0,0.541696015884,0.790319843175,0.688447650237,0.235643360845,-0.0,-0.0,0.598798891349,-0.0,-0.0,0.694073930608,0.470573744709,0.660480688378,-0.0,-0.0,-0.0,-0.0,-0.0,0.0230815709109,-0.0,0.246734566069,-0.0,-0.0,-0.0,-0.0
286,0.269138483127,0.668482141283,0.786116662534,-0.0,0.483798483384,0.605916782021,0.73635627232,-0.0,-0.0,-0.0,0.667574770955,-0.0,-0.0,0.510032600838,-0.0,-0.0,-0.0,0.41858096054,-0.0,-0.0,0.584529789226,-0.0,-0.0,0.571247282112,-0.0
287,-0.0,-0.0,-0.0,-0.0,0.0062640764527,0.00226468965517,-0.0,0.02156534723,-0.0,0.00899295368577,0.721440492921,-0.0,-0.0,-0.0,-0.0,-0.0,-0.0,0.0206473010329,-0.0,0.0623982349345,-0.0,0.000103579696421,0.0627591149651,0.496410248503,-0.0
288,-0.0,0.679311428044,0.792934199194,0.669910010233,-0.0,-0.0,-0.0,-0.0,-0.0,-0.0,-0.0,-0.0,-0.0,-0.0,-0.0,-0.0,-0.0,-0.0,-0.0,0.619855036684,-0.0,-0.0,-0.0,-0.0,-0.0
289,0.272891905663,0.678528485888,-0.0,-0.0,-0.0,-0.0,-0.0,-0.0,0.632291325917,-0.0,-0.0,-0.0,0.519314803199,-0.0,-0.0,-0.0,-0.0,-0.0,-0.0,-0.0,-0.0,-0.0,-0.0,-0.0,-0.0
290,-0.0,0.676510748939,0.632882587087,-0.0,-0.0,-0.0,-0.0,-0.0,0.633284638806,-0.0,-0.0,-0.0,-0.0,-0.0,-0.0,-0.0,-0.0,-0.0,-0.0,-0.0,-0.0,-0.0,-0.0,0.449229670053,-0.0
291,-0.0,-0.0,-0.0,-0.0,-0.0,0.000201293602376,0.000838674555742,-0.0,0.0530307542257,0.00851554525602,0.0103685181468,-0.0,0.00112823052047,0.00977699773974,0.00416099015452,0.327704487334,-0.0,0.00390967339212,0.0323673288967,0.00656502211131,0.0021521629546,-0.0,0.000839864176237,-0.0,-0.0
292,-0.0,-0.0,-0.0,-0.0,-0.0,-0.0,0.594245549593,-0.0,-0.0,0.46937066952,-0.0,-0.0,-0.0,-0.0,-0.0,-0.0,-0.0,-0.0,-0.0,-0.0,0.483099204133,-0.0,-0.0,-0.0,-0.0
293,-0.0,-0.0,0.795204969037,-0.0,-0.0,-0.0,0.757271140852,0.609856849112,0.0298294196282,0.00411574057562,-0.0,-0.0,-0.0,0.00158964650355,-0.0,0.261133555934,-0.0,-0.0,0.00839588534362,-0.0,-0.0,-0.0,-0.0,0.047549187409,0.010497773433
294,-0.0,-0.0,0.47559346736,-0.0,-0.0,-0.0,0.597520592593,0.475089879368,-0.0,-0.0,-0.0,-0.0,-0.0,-0.0,-0.0,-0.0,-0.0,-0.0,-0.0,-0.0,-0.0,-0.0,-0.0,-0.0,-0.0
295,-0.0,0.00667289520779,-0.0,0.0033519216495,-0.0,-0.0,-0.0,-0.0,-0.0,0.595793619823,-0.0,-0.0,-0.0,0.656249337636,-0.0,-0.0,-0.0,-0.0,-0.0,-0.0,0.013680428358,-0.0,-0.0,0.00504422615131,-0.0
296,-0.0,0.701051260008,-0.0,-0.0,-0.0,0.757417323155,-0.0,-0.0,-0.0,-0.0,-0.0,-0.0,-0.0,-0.0,-0.0,-0.0,-0.0,-0.0,-0.0,0.64197621016,-0.0,-0.0,-0.0,-0.0,0.0272580688619
297,-0.0,-0.0,0.632724612605,-0.0,-0.0,-0.0,0.742301311104,-0.0,0.0265166697856,0.00338148049159,-0.0,-0.0,-0.0,-0.0,0.00106363367454,0.254297136612,-0.0,-0.0,0.64588334778,0.00167164719179,0.0683631854475,1.45178821401e-05,0.0178838445178,-0.0,-0.0
298,-0.0,-0.0,-0.0,-0.0,-0.0,0.764687741771,-0.0,-0.0,-0.0,-0.0,-0.0,-0.0,-0.0,-0.0,-0.0,-0.0,-0.0,-0.0,-0.0,-0.0,-0.0,-0.0,0.486016318835,-0.0,-0.0
299,2.72460375597e-05,-0.0,-0.0,-0.0,-0.0,0.761519370972,-0.0,-0.0,-0.0,-0.0,-0.0,-0.0,0.00164402963429,-0.0,-0.0,-0.0,-0.0,-0.0,-0.0,0.623664186318,-0.0,-0.0,-0.0,-0.0,-0.0
300,0.27239555948,0.67601069941,-0.0,-0.0,-0.0,0.761196052553,-0.0,-0.0,-0.0,-0.0,-0.0,-0.0,-0.0,-0.0,-0.0,-0.0,0.446203611047,-0.0,-0.0,-0.0,-0.0,-0.0,-0.0,0.564560270734,-0.0
301,0.000320707645386,0.00804083902234,0.791572888609,-0.0,-0.0,0.765851220695,-0.0,-0.0,-0.0,0.0219127820641,-0.0,-0.0,-0.0,0.0113391998603,0.00410131969615,-0.0,-0.0,-0.0,-0.0,-0.0,-0.0,-0.0,0.561153983084,-0.0,-0.0
302,0.00112733539856,0.00202790326917,-0.0,-0.0,-0.0,0.000553038833404,-0.0,0.00870134464166,0.037430033507,-0.0,0.668941870159,0.578996350886,0.00497382420584,0.0137316190622,-0.0,-0.0,0.0228211659483,-0.0,-0.0,-0.0,-0.0,-0.0,0.00633433482767,-0.0,-0.0
303,-0.0,-0.0,0.000920200202647,0.0120928282089,0.0125342774462,0.775705440217,-0.0,0.00198717794864,-0.0,0.00356396944849,-0.0,-0.0,0.0147563601164,0.0239140601396,-0.0,-0.0,-0.0,0.000164559793953,-0.0,0.000797485758004,-0.0,1.88159506939e-06,-0.0,-0.0,-0.0
304,-0.0,-0.0,-0.0,0.0152398759624,0.368441715346,-0.0,-0.0,0.00674878305676,0.0385439590597,0.00463582068186,-0.0,-0.0,-0.0,0.00434066485551,0.551408647188,0.324120698547,-0.0,-0.0,0.00433358611998,8.07087651336e-05,0.216661599445,-0.0,-0.0,-0.0,-0.0
305,0.272800939373,-0.0,-0.0,-0.0,-0.0,-0.0,0.743092041232,-0.0,0.0372110813139,0.361172959456,-0.0,-0.0,0.516688510965,-0.0,-0.0,0.320443055067,-0.0,0.242836961857,0.00239256954005,-0.0,-0.0,-0.0,-0.0,-0.0,-0.0
306,0.000108513040738,-0.0,0.792091463415,0.0170057322931,-0.0,-0.0,-0.0,0.0074342621522,-0.0,0.589690345426,-0.0,-0.0,-0.0,-0.0,-0.0,-0.0,-0.0,-0.0,-0.0,-0.0,0.227449498116,-0.0,-0.0,-0.0,-0.0
307,-0.0,0.00716625531805,-0.0,0.661852148981,-0.0,-0.0,-0.0,0.588560870954,0.672900858977,-0.0,-0.0,0.467355946524,-0.0,-0.0,-0.0,0.223003195653,-0.0,-0.0,-0.0,-0.0,0.578296368313,-0.0,-0.0,-0.0,-0.0
308,-0.0,-0.0,-0.0,-0.0,0.609620421828,-0.0,-0.0,-0.0,0.628091135582,0.463823068385,-0.0,-0.0,-0.0,-0.0,0.537373056207,-0.0,-0.0,-0.0,-0.0,-0.0,-0.0,-0.0,-0.0,0.443124866661,-0.0
309,-0.0,-0.0,0.000363081545233,0.684828514499,0.016679437933,-0.0,-0.0,0.491600597377,0.626180102864,0.0182041932206,0.562668286445,-0.0,-0.0,-0.0,-0.0,0.321704885321,0.0605001440381,-0.0,-0.0,0.682284705133,-0.0,8.34265032553e-05,0.0334337542558,0.0122486634862,-0.0
310,0.280826977058,0.00223765873039,-0.0,0.683743670609,0.626406144135,-0.0,0.000736671231428,0.47570134792,-0.0,0.58189517816,0.0346332842021,-0.0,-0.0,-0.0,0.574835878691,-0.0,-0.0,0.0108394600031,-0.0,-0.0,-0.0,-0.0,0.0656722065797,-0.0,0.0227242629216
311,0.273694838242,-0.0,0.633862562715,-0.0,0.490872778203,-0.0,-0.0,-0.0,-0.0,-0.0,-0.0,-0.0,0.391000061204,-0.0,-0.0,-0.0,-0.0,-0.0,-0.0,-0.0,-0.0,-0.0,-0.0,-0.0,-0.0
312,0.000430024647531,-0.0,0.00615063667308,-0.0,0.625018916899,-0.0,-0.0,0.0320965151917,-0.0,0.0132281452263,0.721859171404,-0.0,-0.0,-0.0,-0.0,-0.0,-0.0,0.00872543272272,-0.0,0.0854007816479,-0.0,0.000143923449686,0.107307536699,0.0285007058759,-0.0
313,-0.0,0.00570070339007,0.000521272992391,0.538045280492,-0.0,-0.0,0.00411012124997,-0.0,-0.0,-0.0,-0.0,0.58225789757,-0.0,0.00384341516327,-0.0,-0.0,-0.0,-0.0,0.00829763269158,-0.0,-0.0,-0.0,-0.0,-0.0,-0.0
314,0.274253862744,-0.0,-0.0,-0.0,-0.0,-0.0,-0.0,-0.0,-0.0,0.589214428218,0.395634886018,0.639384686952,-0.0,-0.0,-0.0,0.462667356226,0.0204543268583,-0.0,-0.0,-0.0,-0.0,-0.0,0.00654211704055,-0.0,-0.0
315,0.271862579251,-0.0,-0.0,0.01339445096,0.00878911417588,-0.0,-0.0,-0.0,0.00770085833981,0.00908209249058,-0.0,-0.0,-0.0,0.648574641806,-0.0,-0.0,0.0533113223804,-0.0,-0.0,0.617036709413,-0.0,-0.0,-0.0,-0.0,-0.0
316,-0.0,-0.0,-0.0,0.668096732109,-0.0,0.757463247378,-0.0,-0.0,-0.0,0.588670013834,-0.0,-0.0,-0.0,-0.0,-0.0,-0.0,-0.0,-0.0,-0.0,-0.0,-0.0,-0.0,-0.0,-0.0,-0.0
317,0.160374331246,0.668201778417,-0.0,0.52144413407,0.619564031387,-0.0,0.737165790958,0.0197699724428,-0.0,0.593812671925,0.0205131311935,0.567352123241,-0.0,0.639249994281,-0.0,-0.0,-0.0,0.000517247106502,-0.0,0.682775505578,-0.0,0.000107638330436,0.0449615798084,0.582231594882,-0.0
318,0.279973578984,-0.0,0.795580917764,0.722855457766,0.497775750995,-0.0,-0.0,0.00303979520244,0.645204696756,0.484552634112,0.019866852183,0.341500148844,-0.0,-0.0,0.483367305367,-0.0,0.0616519724919,0.00373523765837,-0.0,-0.0,0.193435674095,-0.0,-0.0,-0.0,0.374854784488
319,-0.0,-0.0,0.798892708192,-0.0,0.480794087929,0.760892474864,0.739580928135,0.584258945207,0.00833581234612,0.472146029621,-0.0,0.58685408526,0.517606437902,-0.0,0.571632948783,0.190834293873,-0.0,-0.0,-0.0,0.622139172535,-0.0,-0.0,-0.0,-0.0,-0.0
320,-0.0,-0.0,0.78799536394,0.0111702776688,0.64917295352,-0.0,0.740956494803,0.635758070824,0.691532021644,0.602371921786,0.567673786724,0.566766235659,0.000588599591011,0.0105648794272,0.547434941037,-0.0,0.0112630774509,0.00386894211009,-0.0,0.0560756981756,-0.0,0.000146409199687,0.149986094881,-0.0,0.386624365154
321,0.283273908107,-0.0,-0.0,0.670105792468,0.61269405238,-0.0,0.753546896826,0.000978960229986,-0.0,-0.0,0.0378244246042,0.00910553136128,-0.0,-0.0,0.460190560066,-0.0,-0.0,0.447701388649,-0.0,-0.0,-0.0,-0.0,-0.0,-0.0,-0.0
322,0.278962428915,0.699385200873,0.789662615908,-0.0,0.614187339356,0.760027228691,-0.0,-0.0,-0.0,-0.0,-0.0,-0.0,0.542451942218,-0.0,-0.0,-0.0,-0.0,-0.0,-0.0,-0.0,0.63629964064,-0.0,-0.0,0.0116763674786,-0.0
323,-0.0,-0.0,0.787720469063,-0.0,-0.0,0.450542355528,0.785261566389,-0.0,0.642858182389,-0.0,-0.0,0.0243032236678,-0.0,-0.0,0.54270905356,-0.0,-0.0,0.411135808728,0.356877300734,-0.0,0.571493334347,-0.0,0.294338589349,-0.0,-0.0
324,0.276220811407,0.558300396056,-0.0,-0.0,0.487763544243,0.002880091971,-0.0,0.0140481866475,0.0610367368204,0.0263490833399,-0.0,-0.0,0.00109051710336,0.559803221339,0.337221176328,-0.0,0.027699465847,0.40758213477,-0.0,-0.0,-0.0,-0.0,0.0979221370569,-0.0,-0.0
325,-0.0,-0.0,0.000737799935476,0.687978413191,0.0198193902977,-0.0,-0.0,0.031621341032,0.648018380258,0.62331074094,0.0484451338625,-0.0,0.518240007384,-0.0,-0.0,-0.0,0.059574357039,0.00719198129108,-0.0,0.106246071291,-0.0,0.000155858071333,0.0872702478231,0.0275697911012,-0.0
326,0.281377668297,0.550789063628,0.803518830114,0.0660218807924,0.63083067333,0.00260980043294,-0.0,-0.0,0.0480151374976,0.492999152665,0.524528961206,-0.0,-0.0,-0.0,-0.0,0.318165850411,0.0839248017003,0.461850496377,0.615272037141,0.00540258490436,-0.0,-0.0,-0.0,-0.0,0.00998496080272
327,-0.0,-0.0,0.792581999373,-0.0,-0.0,0.000600027031025,0.0138722785626,-0.0,-0.0,-0.0,-0.0,-0.0,0.70242399817,0.0221192475701,-0.0,0.47966624505,-0.0,0.0134392543425,0.0138557854394,-0.0,-0.0,-0.0,-0.0,0.0022781672896,-0.0
328,0.272529996627,0.677709996561,-0.0,-0.0,-0.0,-0.0,-0.0,-0.0,0.633407592943,-0.0,-0.0,-0.0,-0.0,-0.0,-0.0,-0.0,-0.0,0.328807160315,-0.0,-0.0,-0.0,-0.0,-0.0,-0.0,-0.0
329,-0.0,0.69482291835,0.809169515809,0.0607545059124,-0.0,0.0117875372153,-0.0,-0.0,0.00335645480387,0.00619539271342,-0.0,0.0314999511732,-0.0,-0.0,0.033075815295,0.01491970107,-0.0,0.0268352774745,0.0861262729256,-0.0,0.0222811846328,-0.0,-0.0,0.0745482928496,0.0446232600325
330,-0.0,0.678617634176,-0.0,0.668819308837,-0.0,-0.0,-0.0,-0.0,-0.0,-0.0,-0.0,0.577640169097,-0.0,-0.0,-0.0,-0.0,-0.0,-0.0,-0.0,-0.0,-0.0,-0.0,-0.0,-0.0,-0.0
331,-0.0,-0.0,0.633721597602,-0.0,-0.0,-0.0,-0.0,-0.0,0.0382443630804,0.00289136497815,-0.0,0.486370192579,-0.0,0.00307103146575,-0.0,0.324034893013,-0.0,-0.0,0.0227874870694,0.489504228075,-0.0,-0.0,0.0130971198759,-0.0,-0.0
332,-0.0,0.542091774046,-0.0,-0.0,-0.0,-0.0,-0.0,0.592551705722,-0.0,-0.0,-0.0,-0.0,-0.0,-0.0,-0.0,-0.0,-0.0,-0.0,0.594579270692,-0.0,-0.0,-0.0,-0.0,-0.0,-0.0
333,0.272543701505,-0.0,0.79022799188,-0.0,0.613684295585,-0.0,-0.0,-0.0,-0.0,-0.0,-0.0,0.457234575631,-0.0,-0.0,-0.0,-0.0,-0.0,-0.0,-0.0,-0.0,-0.0,-0.0,0.361211432031,0.470644200903,-0.0
334,-0.0,-0.0,0.790658584497,0.0182001230616,-0.0,0.755615765632,-0.0,-0.0,-0.0,-0.0,0.0159555527327,-0.0,-0.0,-0.0,-0.0,-0.0,-0.0,-0.0,-0.0,-0.0,0.269965951206,-0.0,0.536613043016,-0.0,-0.0
335,-0.0,-0.0,0.632781667854,0.663868576609,-0.0,-0.0,-0.0,0.591348356353,-0.0,0.343939388375,-0.0,0.576175033142,0.387000736733,-0.0,-0.0,0.449933752201,-0.0,-0.0,-0.0,-0.0,-0.0,-0.0,-0.0,-0.0,-0.0
336,0.00143769645453,0.00446208701006,-0.0,-0.0,-0.0,0.00575690561792,0.0104743595848,0.603394318889,-0.0,0.0071983503309,0.0198101179809,0.0113795824698,0.00231661269553,0.00350501278913,-0.0,-0.0,0.00192352360319,0.0173062313354,0.0129442125168,-0.0,-0.0,-0.0,-0.0,0.0293302930159,0.0072768413346
337,-0.0,0.00864743391386,0.798268849594,0.744060509486,0.0127416317741,0.00726943749203,-0.0,-0.0,0.0161283647666,0.0173645226871,0.00311477263163,0.229791608218,-0.0,-0.0,-0.0,0.0118198789182,0.0746372071645,0.0192765250011,0.0503123761191,0.0128329526535,-0.0,2.53519852114e-06,-0.0,-0.0,-0.0
338,0.273314262402,0.678398091309,0.791970349787,0.669037483371,-0.0,-0.0,-0.0,-0.0,-0.0,-0.0,-0.0,-0.0,-0.0,-0.0,-0.0,-0.0,-0.0,-0.0,-0.0,-0.0,-0.0,-0.0,-0.0,-0.0,-0.0
339,5.60800960405e-05,0.00921411750891,-0.0,0.0162393803116,-0.0,0.0083329881774,-0.0,-0.0,-0.0,0.0263364364542,-0.0,-0.0,-0.0,0.0180507485376,0.564514504802,-0.0,-0.0,0.00761415905568,0.00382365259775,0.643862995949,-0.0,-0.0,0.0631717261043,0.0151232506909,-0.0
340,-0.0,-0.0,0.635421339991,-0.0,-0.0,-0.0,-0.0,-0.0,-0.0,-0.0,0.675264487107,-0.0,-0.0,-0.0,-0.0,-0.0,-0.0,-0.0,-0.0,-0.0,-0.0,-0.0,-0.0,-0.0,-0.0
341,-0.0,-0.0,-0.0,0.0182772041237,0.00555788023251,0.0062920176552,0.596716723187,-0.0,0.00721024289827,-0.0,0.00388007316149,-0.0,0.00575809611092,-0.0,0.00729106724937,0.0157108610954,-0.0,-0.0,0.0541554979659,-0.0,0.108589958015,2.10147741023e-05,0.0427011485724,-0.0,0.00985344740206
342,0.280468772813,0.676032397953,0.791231838795,-0.0,-0.0,0.755901376971,0.765308184262,0.00285870325166,0.644067829325,-0.0,0.0297078527921,-0.0,0.0405915304562,0.0258450995749,0.0165614022823,0.773706569126,-0.0,0.0271258931861,0.0206405722406,-0.0,-0.0,-0.0,-0.0,-0.0,-0.0
343,-0.0,0.000554531353847,-0.0,0.0132793457026,0.515659224621,0.0128293364546,-0.0,-0.0,-0.0,-0.0,0.00155173412759,-0.0,-0.0,-0.0,2.46170489269e-05,0.457233882349,6.16308972564e-05,-0.0,-0.0,-0.0,-0.0,-0.0,-0.0,0.00215871911498,0.0871732678999
344,0.273610037871,0.700853400596,-0.0,-0.0,-0.0,-0.0,-0.0,-0.0,-0.0,-0.0,-0.0,-0.0,-0.0,-0.0,-0.0,-0.0,-0.0,-0.0,-0.0,0.641448134748,-0.0,-0.0,-0.0,-0.0,0.0267003759848
345,0.273671581099,0.677676500876,0.630528277331,-0.0,0.00487358319079,0.76230036665,-0.0,0.0176435796371,-0.0,-0.0,0.0247537858155,-0.0,-0.0,-0.0,-0.0,0.428321896506,0.821664287003,0.000902760967601,-0.0,0.0545052828131,-0.0,0.000121336803605,0.059928263349,0.653692669496,-0.0
346,-0.0,0.675252137694,-0.0,0.530142955765,-0.0,-0.0,-0.0,-0.0,-0.0,-0.0,-0.0,0.460719623941,-0.0,-0.0,-0.0,-0.0,0.568670548829,-0.0,-0.0,-0.0,-0.0,-0.0,-0.0,-0.0,-0.0
347,-0.0,-0.0,-0.0,0.66758827975,-0.0,0.756077530611,-0.0,-0.0,-0.0,-0.0,-0.0,-0.0,-0.0,-0.0,-0.0,-0.0,-0.0,-0.0,-0.0,0.60362766002,-0.0,-0.0,-0.0,-0.0,-0.0
348,-0.0,-0.0,0.474878761238,-0.0,-0.0,-0.0,-0.0,-0.0,0.635270812314,-0.0,-0.0,-0.0,-0.0,-0.0,-0.0,-0.0,-0.0,0.330952353701,-0.0,-0.0,-0.0,-0.0,-0.0,-0.0,-0.0
349,-0.0,0.0149266220241,0.796811858305,0.05700211377,-0.0,0.775427536457,-0.0,-0.0,-0.0,-0.0,-0.0,-0.0,-0.0,-0.0,-0.0,0.478948641894,0.00118432799937,0.0260035076308,0.0422886320473,-0.0,0.00239571428651,-0.0,-0.0,0.00215557929601,-0.0
350,-0.0,0.000139284389352,0.792659817171,-0.0,-0.0,0.000513851367011,-0.0,-0.0,-0.0,0.584482653524,-0.0,-0.0,-0.0,-0.0,-0.0,0.452499133735,-0.0,-0.0,-0.0,-0.0,-0.0,-0.0,-0.0,0.001334425615,-0.0
351,-0.0,0.680779369686,-0.0,0.0216789554057,-0.0,-0.0,-0.0,0.129652236717,-0.0,-0.0,0.00832799789016,0.00817974724558,0.0101712069106,-0.0,-0.0,-0.0,-0.0,0.00167126613806,0.00410787711618,-0.0,0.289074787201,-0.0,0.00545653714309,-0.0,-0.0
352,0.217958373799,-0.0,-0.0,-0.0,0.00182515620172,-0.0,-0.0,-0.0,-0.0,-0.0,-0.0,-0.0,-0.0,0.526350108958,-0.0,-0.0,-0.0,-0.0,0.00893773897432,-0.0,-0.0,-0.0,-0.0,-0.0,-0.0
353,-0.0,0.0121325814858,0.794591119954,0.0435653066184,-0.0,0.00999661810264,-0.0,-0.0,-0.0,-0.0,-0.0,-0.0,-0.0,-0.0,0.538095737328,0.0169811786722,-0.0,0.0250563288677,0.049892590288,-0.0,0.613621910913,-0.0,-0.0,-0.0,-0.0
354,0.281496925867,-0.0,0.00140226734193,-0.0,-0.0,-0.0,-0.0,0.599476382729,-0.0,-0.0,-0.0,-0.0,-0.0,0.028847355594,-0.0,-0.0,0.0125990646513,-0.0,0.0046025572268,-0.0,-0.0,-0.0,-0.0,-0.0,0.469628562274
355,-0.0,0.679544222722,-0.0,-0.0,-0.0,0.758724784182,-0.0,-0.0,0.633592756622,-0.0,-0.0,-0.0,-0.0,-0.0,-0.0,-0.0,-0.0,-0.0,-0.0,-0.0,-0.0,-0.0,-0.0,-0.0,-0.0
356,0.273320467024,-0.0,0.791844773598,0.674182782439,-0.0,0.00743579110493,-0.0,0.592221420933,-0.0,-0.0,0.00310033136378,-0.0,-0.0,-0.0,-0.0,-0.0,-0.0,-0.0,-0.0,-0.0,-0.0,-0.0,-0.0,-0.0,-0.0
357,-0.0,-0.0,0.791818841989,-0.0,0.608583521463,-0.0,-0.0,-0.0,-0.0,-0.0,-0.0,-0.0,-0.0,-0.0,-0.0,-0.0,-0.0,-0.0,-0.0,-0.0,-0.0,-0.0,0.46286873662,-0.0,-0.0
358,-0.0,-0.0,0.792312296541,0.669224714267,-0.0,0.758055196032,-0.0,-0.0,-0.0,-0.0,-0.0,-0.0,-0.0,-0.0,-0.0,-0.0,-0.0,-0.0,-0.0,-0.0,-0.0,-0.0,-0.0,-0.0,-0.0
359,-0.0,-0.0,-0.0,-0.0,0.628278011,0.7617601552,0.593030686926,-0.0,-0.0,-0.0,0.0169158271357,-0.0,-0.0,-0.0,-0.0,-0.0,-0.0,-0.0,0.663699695786,0.0104132131075,-0.0,-0.0,-0.0,-0.0,-0.0
360,0.0016554381819,-0.0,-0.0,-0.0,-0.0,-0.0,-0.0,0.00267113985609,-0.0,-0.0,0.0139819995827,-0.0,-0.0,-0.0,0.00103881591869,-0.0,0.595967628081,-0.0,0.0075377369392,-0.0,-0.0,-0.0,-0.0,-0.0,-0.0
361,-0.0,-0.0,-0.0,0.0205706305804,0.0211098193826,-0.0,0.445509203935,0.0181479268308,-0.0,0.00649656039164,0.572932608274,-0.0,-0.0,-0.0,0.0215747781853,-0.0,0.00437202273529,0.00599928335505,0.00891811347596,0.0591504065021,-0.0,9.97084213454e-05,0.11580047291,0.0317181569821,0.46060062491
362,-0.0,-0.0,0.63539630059,-0.0,-0.0,-0.0,0.740563502538,0.460270001311,-0.0,0.342672058493,0.644403540843,0.572527909832,-0.0,-0.0,-0.0,-0.0,-0.0,-0.0,0.608459848644,-0.0,-0.0,-0.0,0.441563693574,-0.0,0.288256302268
363,-0.0,0.70848345738,0.796544065758,0.0511958520001,-0.0,0.0102928753983,-0.0,-0.0,-0.0,-0.0,-0.0,0.00443034585531,-0.0,-0.0,-0.0,-0.0,-0.0,0.0278716865786,0.680662693759,-0.0,-0.0,-0.0,-0.0,-0.0,-0.0
364,-0.0,-0.0,0.63206353075,-0.0,0.613596160995,-0.0,-0.0,-0.0,-0.0,-0.0,-0.0,-0.0,-0.0,-0.0,-0.0,-0.0,-0.0,-0.0,-0.0,-0.0,0.608087252666,-0.0,-0.0,-0.0,-0.0
365,-0.0,-0.0,0.791052932992,-0.0,-0.0,-0.0,-0.0,-0.0,0.63018193972,-0.0,-0.0,0.461093944393,-0.0,0.646686929117,-0.0,-0.0,-0.0,-0.0,-0.0,-0.0,-0.0,-0.0,-0.0,-0.0,-0.0
366,0.21536967052,0.683027598126,0.787893482408,-0.0,0.622644732073,-0.0,0.735636895973,-0.0,-0.0,0.217631031744,0.721147554354,-0.0,0.649573073346,-0.0,-0.0,0.44802428655,-0.0,0.409939051491,-0.0,-0.0,0.698479320167,-0.0,0.0447175021713,0.000263336994071,-0.0
367,0.00162517968838,-0.0,0.801775352664,-0.0,0.0045602625747,0.00317309868087,0.00180719239624,-0.0,-0.0,0.590847955785,0.00624658613835,0.00468465537937,-0.0,-0.0,0.000940290123879,-0.0,-0.0,-0.0,-0.0,-0.0,0.0237847776213,-0.0,0.0137484909719,0.00202715473304,-0.0
368,-0.0,-0.0,0.791757057159,-0.0,-0.0,0.75265852771,-0.0,0.0136457882649,-0.0,-0.0,0.692505443185,0.471694630758,-0.0,-0.0,0.31499215315,-0.0,-0.0,0.0154187944525,-0.0,0.697255842676,-0.0,7.16338201009e-05,0.564250195985,0.0147971077008,-0.0
369,-0.0,0.695059726248,0.793211586906,-0.0,0.00812345303302,-0.0,-0.0,0.029566671581,-0.0,0.0108008728885,0.0312947453573,0.00962655596543,-0.0,-0.0,-0.0,-0.0,-0.0,0.439467956823,-0.0,0.0728654009697,-0.0,0.000121355756231,0.0764767084992,0.0224992098907,-0.0
370,-0.0,-0.0,-0.0,-0.0,-0.0,-0.0,-0.0,-0.0,0.0358101006412,0.479523858484,-0.0,-0.0,-0.0,0.657959319913,-0.0,0.316176815505,-0.0,-0.0,0.0097847639114,0.000898307913775,-0.0,-0.0,-0.0,-0.0,-0.0
371,-0.0,-0.0,0.00322180040482,-0.0,-0.0,0.00915509879543,0.000136807695271,-0.0,-0.0,-0.0,0.677304529316,-0.0,0.0021661139111,0.000199768158778,0.00308798382108,0.000565067806048,-0.0,-0.0,-0.0,-0.0,-0.0,-0.0,-0.0,-0.0,0.00433849458692
372,0.217971937757,0.675968324365,0.79184483792,0.662844288661,0.489067091206,-0.0,-0.0,-0.0,-0.0,-0.0,-0.0,-0.0,-0.0,-0.0,-0.0,0.441626884297,-0.0,-0.0,-0.0,-0.0,-0.0,-0.0,-0.0,0.463660066359,-0.0
373,0.00563732866358,0.0199746955355,-0.0,0.0121743674852,-0.0,0.00135600279256,0.00363108537782,-0.0,-0.0,-0.0,-0.0,-0.0,0.0321126909212,-0.0,0.0097706810115,0.0161395734911,0.013532176279,-0.0,0.045088604273,0.00155668700886,0.124951108235,2.19625511966e-05,0.0283037494277,0.0175277364159,0.0078126030301
374,-0.0,-0.0,-0.0,-0.0,-0.0,0.00226038964765,0.0124951061067,-0.0,0.00877212492241,-0.0,-0.0,-0.0,-0.0,-0.0,0.000510934185123,-0.0,-0.0,0.000817596574136,-0.0,-0.0,0.0443332690966,-0.0,0.000994437830489,-0.0,-0.0
375,0.000327665709436,-0.0,-0.0,-0.0,-0.0,0.00183741773558,-0.0,-0.0,0.644516952421,0.00314662840638,0.00213420014438,0.0155462073326,-0.0,0.388350718829,0.00564035930097,-0.0,-0.0,0.0173359371675,-0.0,0.00696593796136,0.0245434090076,-0.0,0.00346788353938,0.0136291494995,-0.0
376,-0.0,0.680216788428,-0.0,-0.0,-0.0,0.759818705646,0.00113668954374,-0.0,0.000438112493214,-0.0,0.668716374382,0.456201760402,0.520722283365,-0.0,-0.0,-0.0,-0.0,-0.0,-0.0,0.00145957290646,-0.0,-0.0,-0.0,-0.0,0.353258926263
377,0.00744281351404,-0.0,0.00100408388177,0.0171477137485,0.0137560902446,-0.0,0.00337865701166,0.00351386400015,-0.0,0.00282071378232,0.706521667393,-0.0,0.0174192120911,0.0288118300654,0.0219817126422,0.000333115300277,-0.0,0.0157045445436,-0.0,-0.0,-0.0,-0.0,-0.0,-0.0,-0.0
378,-0.0,-0.0,-0.0,0.669558642267,-0.0,0.757912857356,0.746545491365,-0.0,-0.0,-0.0,-0.0,-0.0,-0.0,-0.0,-0.0,-0.0,-0.0,-0.0,-0.0,-0.0,-0.0,-0.0,-0.0,-0.0,-0.0
379,0.00351787389994,0.0194373989436,0.632140221075,-0.0,-0.0,0.00403982984509,-0.0,0.0111699918414,0.714797459841,0.0259755752438,-0.0,-0.0,0.00706077833877,0.036936025515,0.0170729801663,-0.0,0.248475056014,-0.0,-0.0,-0.0,-0.0,-0.0,0.104984172021,0.48718804654,-0.0
380,-0.0,0.679751071588,-0.0,-0.0,0.612450457505,-0.0,-0.0,-0.0,0.63193650375,-0.0,-0.0,-0.0,0.257839158116,-0.0,-0.0,-0.0,-0.0,-0.0,-0.0,-0.0,-0.0,-0.0,-0.0,-0.0,-0.0
381,-0.0,0.0129892476435,0.00494937152149,0.0863605568967,0.00780533438409,0.0116997084834,0.745693687377,-0.0,0.00760738226499,0.00943946970198,0.00020647742898,-0.0,0.0027773232337,-0.0,0.00454766187212,0.0341598020352,0.0464404993937,0.0280396254853,0.10707560565,0.00809701363979,0.0962910802892,2.05586142124e-05,0.0215198984848,-0.0,-0.0
382,-0.0,-0.0,0.633989894843,0.0185976740439,-0.0,-0.0,0.596856531975,0.025936952445,-0.0,0.232977640077,-0.0,-0.0,-0.0,-0.0,0.576832262621,-0.0,-0.0,-0.0,-0.0,-0.0,0.351631104571,-0.0,-0.0,-0.0,-0.0
383,0.271025598009,-0.0,0.789907992149,0.2789055394,-0.0,-0.0,-0.0,-0.0,0.498844822977,-0.0,-0.0,0.576242297358,-0.0,0.661143733135,0.537218483467,-0.0,-0.0,-0.0,-0.0,-0.0,-0.0,-0.0,-0.0,-0.0,-0.0
384,-0.0,-0.0,0.801977924792,-0.0,-0.0,-0.0,-0.0,-0.0,0.647138120634,0.593128197626,-0.0,-0.0,-0.0,-0.0,0.542872752202,-0.0,-0.0,0.002332669378,0.00583466105269,-0.0,-0.0,-0.0,-0.0,-0.0,0.00244010513062
385,0.278910995181,0.00333951293284,-0.0,-0.0,-0.0,0.00229998498988,0.779580408302,-0.0,-0.0,0.491419592153,-0.0,-0.0,-0.0,0.673419250827,0.00108731684362,-0.0,-0.0,-0.0,-0.0,0.660797318629,0.0228418632751,-0.0,0.0328234476419,0.117587383431,-0.0
386,0.003641990074,-0.0,-0.0,0.532896395817,-0.0,0.00580773651589,-0.0,-0.0,-0.0,-0.0,-0.0,-0.0,0.00997057231525,0.00558231767246,-0.0,-0.0,0.00776821997248,-0.0,-0.0,-0.0,-0.0,-0.0,0.507432483139,-0.0,-0.0
387,0.000356186136602,-0.0,0.793043279245,-0.0,-0.0,0.76223173233,0.746935476821,-0.0,-0.0,0.116966592911,-0.0,-0.0,-0.0,-0.0,-0.0,-0.0,-0.0,-0.0,-0.0,-0.0,-0.0,3.05924012092e-07,0.000241055363663,-0.0,-0.0
388,-0.0,-0.0,-0.0,0.702636165714,0.0143800790112,-0.0,-0.0,0.595368693074,-0.0,0.00032699311021,-0.0,0.00200436641924,-0.0,-0.0,0.0276454907623,-0.0,0.00513997582074,-0.0,0.0147491453646,-0.0,-0.0,5.04683850333e-06,0.0655005020005,-0.0,0.083636621405
389,0.27256462388,-0.0,-0.0,-0.0,0.00593680638471,-0.0,-0.0,-0.0,0.0159030419567,-0.0,-0.0,0.47508184484,-0.0,0.519077342095,-0.0,-0.0,-0.0,-0.0,0.00366174698814,-0.0,-0.0,-0.0,-0.0,-0.0,-0.0
390,-0.0,-0.0,0.632916850956,-0.0,-0.0,-0.0,-0.0,-0.0,-0.0,-0.0,-0.0,-0.0,-0.0,-0.0,-0.0,-0.0,-0.0,-0.0,-0.0,-0.0,-0.0,-0.0,-0.0,-0.0,0.370195014729
391,-0.0,-0.0,0.00180385775985,0.013979755658,0.647515577801,0.00462280874369,-0.0,-0.0,-0.0,0.602935670827,-0.0,-0.0,-0.0,-0.0,-0.0,0.453075141199,0.0772796608282,-0.0,0.0183154833306,0.00696889088011,-0.0,-0.0,-0.0,-0.0,-0.0
392,0.27432835874,-0.0,0.633138664138,0.674765953441,-0.0,-0.0,0.00218897138107,-0.0,-0.0,-0.0,0.673326888838,-0.0,-0.0,-0.0,-0.0,-0.0,-0.0,-0.0,-0.0,-0.0,-0.0,-0.0,-0.0,-0.0,-0.0
393,-0.0,-0.0,0.634048315282,-0.0,-0.0,-0.0,-0.0,-0.0,-0.0,0.234984244012,-0.0,0.461918376086,0.652670652471,-0.0,-0.0,-0.0,-0.0,-0.0,-0.0,-0.0,-0.0,-0.0,-0.0,-0.0,-0.0
394,-0.0,-0.0,-0.0,-0.0,0.487493563907,-0.0,-0.0,-0.0,-0.0,-0.0,0.663742159031,-0.0,-0.0,-0.0,-0.0,-0.0,-0.0,-0.0,0.592420350589,-0.0,-0.0,-0.0,-0.0,-0.0,-0.0
395,0.276553308639,0.0171425697542,-0.0,0.0195874956306,-0.0,0.00462241665279,-0.0,0.00692334762521,-0.0,0.622324363564,-0.0,0.00172243670684,0.394568278857,0.00911695296854,0.00622700549582,-0.0,-0.0,-0.0,-0.0,-0.0,0.287716242897,-0.0,0.0909459771472,-0.0,0.012165606417
396,-0.0,-0.0,0.474067938501,-0.0,-0.0,-0.0,0.598064040671,-0.0,-0.0,-0.0,-0.0,-0.0,-0.0,0.528905716362,0.548683634487,-0.0,-0.0,-0.0,-0.0,-0.0,-0.0,-0.0,-0.0,-0.0,-0.0
397,-0.0,0.00403471638638,-0.0,0.00694764582432,-0.0,0.00242358120671,0.606818457754,0.476384794693,0.00905265980429,0.00984676455091,0.00132679136095,0.032930771317,0.00138058255134,-0.0,0.607266388691,-0.0,0.00636831701174,-0.0,0.0458089269144,0.0287881341434,0.00101065000493,-0.0,-0.0,0.0343876381068,0.0781687947949
398,0.00217201340936,-0.0,-0.0,0.0119914937776,0.0143617736284,-0.0,-0.0,0.0123101413362,0.0512126216415,0.00148079091105,-0.0,-0.0,0.0270018266826,0.0507771549165,-0.0,-0.0,0.0184130806723,-0.0,-0.0,-0.0,-0.0,-0.0,0.010597834229,0.565355565987,-0.0
399,-0.0,0.677083311296,-0.0,-0.0,-0.0,-0.0,-0.0,-0.0,0.499663809992,-0.0,-0.0,-0.0,0.647044280974,-0.0,-0.0,-0.0,-0.0,-0.0,0.586207116191,-0.0,-0.0,-0.0,-0.0,-0.0,-0.0
400,-0.0,-0.0,-0.0,0.680216493201,0.0121956529263,0.75752621568,-0.0,-0.0,5.88468976932e-05,0.484773224272,0.00205993041173,-0.0,-0.0,-0.0,-0.0,-0.0,-0.0,-0.0,-0.0,-0.0,-0.0,-0.0,-0.0,-0.0,-0.0
401,0.00378595563436,0.00970290419529,0.799868246516,-0.0,-0.0,0.00505647868902,0.767043773768,0.000976552223776,-0.0,0.50820237504,0.00141706450411,0.00336199874842,0.0316700518716,0.0313543005181,0.00907661181653,0.00459209476893,-0.0,0.0105257134088,0.0230521381875,-0.0,-0.0,-0.0,0.0711044129025,-0.0,0.00308564564327
402,0.000142940277992,-0.0,-0.0,0.0238462868461,-0.0,-0.0,0.745507990077,0.0109621501996,-0.0,-0.0,-0.0,0.000300137140826,-0.0,-0.0,-0.0,-0.0,-0.0,-0.0,-0.0,-0.0,0.281348390963,-0.0,0.0105457337666,-0.0,-0.0
403,-0.0,0.669429859817,-0.0,-0.0,0.603365521015,-0.0,0.00734399562977,0.581995213218,0.0257710853034,-0.0,0.65054684076,-0.0,0.69441420066,0.0271594801476,-0.0,0.30830485375,-0.0,-0.0,0.63772939766,-0.0,-0.0,-0.0,-0.0,0.4261992677,-0.0
404,-0.0,-0.0,-0.0,0.0143159778241,0.635326013237,0.0103473037768,-0.0,-0.0,0.0233579638601,0.47347287194,0.402632768114,-0.0,-0.0,-0.0,-0.0,-0.0,-0.0,-0.0,0.0127873787775,-0.0,-0.0,-0.0,-0.0,-0.0,-0.0
405,-0.0,-0.0,-0.0,0.667312239623,0.611148580836,-0.0,-0.0,-0.0,-0.0,0.587463455297,-0.0,-0.0,-0.0,-0.0,-0.0,-0.0,-0.0,-0.0,-0.0,-0.0,-0.0,-0.0,-0.0,-0.0,-0.0
406,0.00283391916632,0.00975156004447,0.00267307542723,0.730008651365,-0.0,0.769419101584,0.0300940517899,-0.0,-0.0,-0.0,-0.0,0.00245892188828,-0.0,-0.0,-0.0,0.00779241926287,-0.0,0.0210407188688,0.0488297701741,0.635633591723,0.0355148531202,-0.0,-0.0,-0.0,-0.0
407,-0.0,0.673690859542,-0.0,-0.0,-0.0,0.758151189427,-0.0,0.577445994811,-0.0,0.574807099946,-0.0,-0.0,0.647532385632,-0.0,0.536644839961,-0.0,0.791367487387,-0.0,-0.0,-0.0,-0.0,-0.0,-0.0,0.596927098491,0.365869065419
408,0.273521993861,-0.0,-0.0,-0.0,-0.0,-0.0,-0.0,-0.0,-0.0,-0.0,0.00212004666964,-0.0,-0.0,-0.0,0.555249212398,0.385948646028,-0.0,-0.0,-0.0,-0.0,-0.0,-0.0,-0.0,-0.0,-0.0
409,-0.0,-0.0,0.792699968757,-0.0,-0.0,-0.0,-0.0,-0.0,0.011650077067,0.00213308974208,-0.0,-0.0,-0.0,-0.0,-0.0,0.790696482613,-0.0,-0.0,-0.0,0.000603529097858,-0.0,-0.0,-0.0,-0.0,-0.0
410,0.277937112087,0.699687989036,-0.0,-0.0,-0.0,-0.0,-0.0,-0.0,-0.0,0.586006202746,-0.0,0.614914611703,0.00961790949326,-0.0,0.574818078409,0.432482939836,0.202913727114,0.00662378664022,-0.0,-0.0,-0.0,-0.0,-0.0,0.405835509427,0.0174736249038
411,-0.0,-0.0,-0.0,-0.0,0.611597527031,-0.0,-0.0,-0.0,-0.0,0.58600275397,-0.0,-0.0,-0.0,-0.0,-0.0,-0.0,0.571562043359,-0.0,-0.0,-0.0,-0.0,-0.0,-0.0,-0.0,-0.0
412,-0.0,-0.0,0.793216221883,0.00170772653123,0.637773426885,-0.0,0.593315054205,-0.0,0.00475101968585,0.478580936521,-0.0,-0.0,-0.0,-0.0,-0.0,-0.0,0.0629514015342,-0.0,0.507995122343,-0.0,-0.0,-0.0,0.458172220684,-0.0,-0.0
413,-0.0,-0.0,-0.0,-0.0,0.000675347049339,-0.0,-0.0,1.62633636638e-05,0.00189641246736,0.00185236832852,0.0129056009926,-0.0,0.0101120152732,0.397175156534,-0.0,-0.0,-0.0,0.00652601214105,0.00666356361148,-0.0,0.0934691295194,1.69660381537e-05,0.00442409217676,0.0149871447183,-0.0
414,-0.0,0.00184750047459,0.790363032142,-0.0,0.612710310785,0.00224305148733,-0.0,0.6185688885,-0.0,0.500306913538,0.687426903294,-0.0,0.516946583423,-0.0,-0.0,-0.0,-0.0,0.00309999103619,-0.0,0.0508770007144,-0.0,7.61713282599e-05,0.62722704696,0.0128147609159,-0.0
415,-0.0,0.00180425741655,0.792614545272,0.709641406217,0.662697531228,-0.0,-0.0,0.0167660319262,0.681204956915,0.540871069096,0.0241356721079,0.568828302652,0.00323999182517,0.692497111577,0.445521709698,0.203083862429,0.0440959816119,0.00214079021504,-0.0,0.0893794249442,-0.0,0.000130789140867,0.201705391957,0.00953275573386,0.0179856657036
416,0.274310300741,-0.0,0.63150537365,0.0135980234163,-0.0,-0.0,0.751556886528,0.0138138731366,0.0603341681922,0.110687115924,0.66838704752,0.476323201402,0.0218997338296,0.587868832614,0.431896824667,-0.0,0.0461282168757,-0.0,-0.0,-0.0,-0.0,-0.0,0.00154024058785,-0.0,-0.0
417,-0.0,-0.0,0.792313290252,-0.0,0.491331228639,-0.0,0.74594333922,-0.0,-0.0,0.582692993809,-0.0,-0.0,-0.0,-0.0,-0.0,0.449694909284,-0.0,-0.0,-0.0,-0.0,-0.0,-0.0,-0.0,-0.0,-0.0
418,-0.0,-0.0,0.788778131437,-0.0,0.608329440678,-0.0,0.740106638074,-0.0,-0.0,0.581467454877,0.656774512473,-0.0,-0.0,0.515345501031,-0.0,-0.0,-0.0,-0.0,-0.0,-0.0,0.596117989532,-0.0,-0.0,-0.0,-0.0
419,0.272656457076,-0.0,0.79101195711,-0.0,0.610216142704,-0.0,-0.0,0.470325041303,-0.0,0.585311705308,-0.0,-0.0,-0.0,-0.0,-0.0,-0.0,-0.0,-0.0,0.589400941216,-0.0,-0.0,-0.0,-0.0,-0.0,-0.0
420,-0.0,-0.0,-0.0,-0.0,0.490898424829,-0.0,-0.0,-0.0,-0.0,0.470516965868,-0.0,0.346623318009,-0.0,-0.0,-0.0,-0.0,-0.0,-0.0,-0.0,-0.0,-0.0,-0.0,-0.0,-0.0,-0.0
421,0.273394237385,0.556904553392,0.790434777916,-0.0,-0.0,0.772163154079,0.752491084024,0.370800113438,0.0032069923041,0.629539400919,0.0258599851959,-0.0,0.653248745023,-0.0,0.233756766705,-0.0,-0.0,0.333037821408,-0.0,0.0795706240025,-0.0,6.6305482815e-05,0.125357592685,0.010147123401,-0.0
422,0.274222631148,0.00690516417287,0.80015761334,0.738018531698,-0.0,0.00950520610356,-0.0,-0.0,0.0322612650186,0.602603890898,-0.0,-0.0,0.522184028766,-0.0,-0.0,0.340677774869,-0.0,0.0246272242616,0.0624785090617,0.0133595984729,-0.0,-0.0,-0.0,-0.0,-0.0
