,0,1,2,3,4
0,1,256,217,62,41
1,32,1,264,271,61
2,1,180,256,149,10
3,32,88,62,194,70
4,61,62,217,1,88
5,99,8,61,62,1
6,62,41,61,180,217
7,238,61,217,1,99
8,217,62,32,238,194
9,256,217,88,271,35
10,1,256,10,238,233
11,32,233,271,88,264
12,271,256,180,55,41
13,99,194,129,256,180
14,238,61,217,120,256
15,32,217,41,256,117
16,32,61,62,217,238
17,62,233,217,238,32
18,62,238,217,232,99
19,238,217,233,61,218
20,62,32,238,217,88
21,32,62,217,233,61
22,32,180,217,62,256
23,32,238,217,233,180
24,217,238,32,61,256
25,61,62,238,1,99
26,238,62,217,61,256
27,62,217,238,180,92
28,99,238,32,62,88
29,175,99,213,62,32
30,229,232,124,238,62
31,32,62,61,175,271
32,32,99,61,10,62
33,238,32,88,61,57
34,217,62,1,32,256
35,62,180,61,60,252
36,62,233,32,217,218
37,238,62,61,88,171
38,1,271,41,264,238
39,62,180,271,238,249
40,1,11,264,61,10
41,264,256,180,88,229
42,61,32,238,62,223
43,217,180,232,222,278
44,32,62,180,256,61
45,61,238,99,62,180
46,238,99,1,32,62
47,238,88,61,264,233
48,1,238,171,256,32
49,1,62,32,180,99
50,62,88,61,41,1
51,62,238,88,233,32
52,32,61,256,238,217
53,217,238,61,233,232
54,217,41,32,238,180
55,256,32,264,217,18
56,256,61,32,264,62
57,32,290,99,93,94
58,117,238,32,210,256
59,32,62,256,238,217
60,32,232,238,55,117
61,198,233,205,99,8
62,41,217,194,62,256
63,99,62,233,217,88
64,232,233,62,166,188
65,88,1,217,185,280
66,271,238,233,61,164
67,62,238,88,32,1
68,238,180,88,217,61
69,62,233,171,256,32
70,62,238,1,233,256
71,256,62,99,88,89
72,62,238,61,1,41
73,61,32,1,171,89
74,129,171,124,238,198
75,232,9,171,32,238
76,88,61,268,10,62
77,217,238,164,233,32
78,88,62,32,193,279
79,99,11,271,61,62
80,271,238,219,32,264
81,32,264,62,256,217
82,11,62,156,171,131
83,32,11,264,238,271
84,217,264,99,283,238
85,61,1,256,99,157
86,233,229,32,264,61
87,256,233,1,8,164
88,217,32,238,14,198
89,1,256,62,32,61
90,88,99,34,205,256
91,38,256,167,61,269
92,232,61,88,222,32
93,238,198,120,61,32
94,62,232,32,61,283
95,32,256,1,238,62
96,32,232,256,233,62
97,61,62,10,1,229
98,180,88,256,32,217
99,61,106,238,32,233
100,217,194,32,256,238
101,232,233,99,88,41
102,1,217,233,117,180
103,238,32,180,256,89
104,233,92,121,238,32
105,1,238,233,177,41
106,61,8,256,62,171
107,217,232,264,61,233
108,61,32,121,88,60
109,1,88,99,32,233
110,180,167,61,98,93
111,62,32,1,99,194
112,218,1,62,264,88
113,61,1,32,238,91
114,217,62,88,99,188
115,256,238,218,10,14
116,62,238,217,99,229
117,32,271,238,61,135
118,62,1,256,264,180
119,1,180,238,241,156
120,217,238,1,233,131
121,271,32,238,256,180
122,37,91,8,129,264
123,1,61,32,141,11
124,256,32,88,41,217
125,32,180,62,164,157
126,61,256,36,11,164
127,62,41,198,290,92
128,1,32,8,217,180
129,88,233,180,62,256
130,62,32,256,41,217
131,62,1,217,243,142
132,55,41,62,218,1
133,88,32,62,99,91
134,218,217,62,264,88
135,180,217,233,264,129
136,62,238,217,99,205
137,62,1,215,10,205
138,88,180,264,171,62
139,32,61,117,1,256
140,32,88,238,217,233
141,238,256,61,180,62
142,238,121,256,62,32
143,61,62,217,32,238
144,256,238,233,180,129
145,62,157,256,217,194
146,61,32,217,62,1
147,217,88,62,32,238
148,61,62,238,171,1
149,238,233,217,32,99
150,32,62,1,217,118
151,99,238,1,62,180
152,238,256,217,32,180
153,62,233,41,256,88
154,32,62,180,41,198
155,32,99,62,61,256
156,233,62,32,61,92
157,233,238,88,32,229
158,256,180,233,167,264
159,256,62,32,217,229
160,32,62,41,1,217
161,61,198,233,32,14
162,62,61,124,99,1
163,218,217,180,62,232
164,217,180,62,238,32
165,32,256,62,279,264
166,32,8,238,117,180
167,62,54,117,180,238
168,217,62,223,256,233
169,1,229,88,198,180
170,217,10,41,238,99
171,99,41,238,180,61
172,32,88,232,217,256
173,256,217,62,70,206
174,217,232,88,81,99
175,62,180,61,238,218
176,61,256,62,233,1
177,256,1,271,62,238
178,32,238,229,191,171
179,62,99,233,157,217
180,32,238,241,26,256
181,171,10,143,256,99
182,238,48,8,124,279
183,271,233,238,256,167
184,32,256,252,217,279
185,88,99,233,61,62
186,256,271,149,217,167
187,99,256,175,149,266
188,233,37,18,41,180
189,1,62,264,229,97
190,1,210,41,48,229
191,171,121,62,99,256
192,233,32,264,99,238
193,238,8,1,61,164
194,32,62,217,88,61
195,238,99,180,256,271
196,238,217,11,1,233
197,232,233,11,117,26
198,32,62,124,41,99
199,217,238,99,1,32
200,256,171,88,32,233
201,238,256,1,62,32
202,41,256,217,180,32
203,62,217,32,180,61
204,150,26,41,55,229
205,264,256,232,238,41
206,62,217,136,171,264
207,11,238,1,156,232
208,1,32,238,252,61
209,62,256,8,76,233
210,238,62,264,177,217
211,62,129,99,256,238
212,62,232,156,217,238
213,238,62,1,180,256
214,41,238,217,1,32
215,217,238,32,193,88
216,180,171,79,206,233
217,264,238,256,62,64
218,62,61,233,232,238
219,217,238,62,226,32
220,62,41,180,61,217
221,1,99,32,217,74
222,233,1,99,205,61
223,32,233,1,88,14
224,62,232,99,238,217
225,41,1,238,217,62
226,62,238,217,256,88
227,217,218,1,61,180
228,62,32,99,88,157
229,62,32,99,198,1
230,180,61,88,64,99
231,180,238,256,117,99
232,61,99,32,41,88
233,61,1,238,264,32
234,238,88,271,32,1
235,217,99,88,233,238
236,217,61,99,88,238
237,61,238,264,180,271
238,217,62,1,271,8
239,62,32,180,217,256
240,217,62,171,238,88
241,32,238,62,264,69
242,62,1,205,99,180
243,217,233,99,256,61
244,32,167,40,99,55
245,238,171,232,1,229
246,217,256,271,250,14
247,32,238,62,217,88
248,238,32,233,62,232
249,62,180,217,32,264
250,88,233,1,32,256
251,238,1,32,99,271
252,32,180,61,233,217
253,32,217,62,233,238
254,62,1,238,256,217
255,238,256,32,62,271
256,62,233,256,88,32
257,256,238,88,167,32
258,180,61,62,88,233
259,217,61,238,129,32
260,1,238,99,62,217
261,256,62,167,99,32
262,256,238,217,271,180
263,61,62,256,217,32
264,217,10,180,238,99
265,238,32,1,217,180
266,62,1,238,271,61
267,217,1,99,149,62
268,1,217,61,256,238
269,180,271,238,62,217
270,8,217,229,88,18
271,61,264,32,238,217
272,180,62,238,88,1
273,271,34,238,99,180
274,217,32,233,103,61
275,217,32,99,194,62
276,62,61,88,97,32
277,32,99,238,217,194
278,88,171,217,218,99
279,180,32,99,264,217
280,62,32,238,217,180
281,32,62,256,238,218
282,217,62,61,271,88
283,32,217,11,99,180
284,32,1,99,217,229
285,62,32,61,217,99
286,238,217,62,256,32
287,256,18,238,89,88
288,238,32,62,191,217
289,62,232,133,54,264
290,32,218,1,180,61
291,217,41,264,229,232
292,233,88,264,238,41
293,62,180,238,171,11
294,233,62,164,1,88
295,32,233,198,238,180
296,238,256,32,279,1
297,61,233,217,99,279
298,238,9,11,1,77
299,62,256,32,252,104
300,233,256,279,264,32
301,32,264,61,62,218
302,32,62,256,233,41
303,256,124,32,41,271
304,32,62,233,88,238
305,61,233,264,232,89
306,217,256,233,62,279
307,61,238,32,264,229
308,32,88,62,205,173
309,238,1,32,232,105
310,62,180,238,171,41
311,238,88,11,256,271
312,32,61,171,8,14
313,157,175,62,180,32
314,238,256,61,88,32
315,32,180,238,99,252
316,238,62,256,89,32
317,238,32,61,62,217
318,61,32,99,256,233
319,217,32,238,256,1
320,62,233,256,217,99
321,217,32,1,62,238
322,1,256,233,32,217
323,238,32,62,1,180
324,61,229,1,233,32
325,32,217,99,218,62
326,217,238,175,62,1
327,62,180,1,232,217
328,1,238,99,62,61
329,8,61,62,32,238
330,32,133,129,178,232
331,256,167,238,233,9
332,232,279,18,101,32
333,256,252,233,229,99
334,32,238,205,180,167
335,62,32,1,8,217
336,79,233,32,62,129
337,62,238,217,99,14
338,180,108,92,93,94
339,99,271,61,238,180
340,238,32,180,217,62
341,217,175,256,232,250
342,62,217,233,180,61
343,1,180,32,232,41
344,238,62,32,256,279
345,32,99,264,256,180
346,32,88,238,256,233
347,217,32,264,129,279
348,32,127,167,217,8
349,238,191,194,218,55
350,61,180,149,41,62
351,32,54,217,198,264
352,180,88,99,62,264
353,61,264,180,217,232
354,88,32,217,11,61
355,256,88,180,271,238
356,256,233,1,238,62
357,62,232,108,198,61
358,8,41,271,238,61
359,32,229,194,171,88
360,233,8,256,32,92
361,217,88,233,62,198
362,62,238,217,99,233
363,32,62,41,99,238
364,62,131,120,198,127
365,238,233,232,194,229
366,32,256,217,180,88
367,62,32,61,171,10
368,32,62,41,279,232
369,217,1,256,233,180
370,32,271,233,217,10
371,256,32,61,10,194
372,62,61,218,117,238
373,1,103,32,232,180
374,180,173,41,117,156
375,99,32,62,256,41
376,32,62,180,88,218
377,180,252,74,99,93
378,62,99,233,61,171
379,62,61,256,217,238
380,32,180,1,217,61
381,1,61,32,217,273
382,256,217,180,32,62
383,62,41,217,8,61
384,1,32,232,256,238
385,217,32,88,1,99
386,14,238,256,167,232
387,232,180,32,62,233
388,217,271,61,180,171
389,217,32,136,64,198
390,238,32,62,57,155
391,1,229,180,88,99
392,32,238,62,41,1
393,217,233,244,171,232
394,62,180,271,8,1
395,61,271,233,217,62
396,233,238,175,171,180
397,238,62,54,92,79
398,180,129,229,256,156
399,61,26,8,62,41
400,62,217,256,205,88
401,238,233,62,214,11
402,171,238,62,142,256
403,238,32,180,62,256
404,62,256,8,32,61
405,264,99,41,61,97
406,238,233,157,124,180
407,238,171,217,62,175
408,32,62,1,238,271
409,217,32,121,218,88
410,62,238,256,32,88
411,99,217,32,229,8
412,32,62,256,88,218
413,217,32,124,88,157
414,62,256,238,271,217
415,238,62,88,217,11
416,32,62,180,256,217
417,62,217,180,171,233
418,99,32,171,88,9
419,62,233,194,264,256
420,238,180,10,62,269
421,62,233,1,61,217
422,238,32,256,62,61
