,0,1,2,3,4,5,6,7,8,9
0,0.596089269224,0.0665341981246,0.065861788249,0.422488532457,0.13107493541,0.0237963480868,0.196176514885,-0.0,0.116238268326,-0.0
1,0.0431630670838,0.0203904885356,-0.0,0.107546129663,0.0576827943798,0.464632705686,0.18161701047,0.97232580383,-0.0,1.42695595615e-27
2,0.561695692958,-0.0,0.421341066594,-0.0,0.00591030041287,0.0713227552316,-0.0,-0.0,0.00614395486302,-0.0
3,-0.0,0.794574926746,0.098179151935,-0.0,0.672891974542,0.215783725988,0.12979080613,0.0434104635009,0.0165633466841,-0.0
4,0.562861834903,0.0467544242283,-0.0,0.024737522442,0.0191398724279,0.340159427072,0.258911403882,0.0807873054539,0.00390994766451,4.71975264063e-29
5,0.00973662250841,-0.0,-0.0,0.010086571339,0.0297506491989,0.534010999059,-0.0,-0.0,0.0241522582299,-0.0
6,0.579224669728,0.864766703867,0.469891021147,0.76860591106,0.559898742452,-0.0,-0.0,-0.0,-0.0,6.32953818038e-28
7,-0.0,0.63479551663,0.102059041407,0.0512051296805,0.0104555931159,0.0981166619879,-0.0,0.202654530817,0.60605039607,-0.0
8,0.651634294206,0.0594073751014,-0.0,-0.0,-0.0,-0.0,0.0868095582776,0.597867927083,0.665538095647,-0.0
9,0.640001927225,0.975388542202,0.507609520319,0.0152011253724,-0.0,0.0326688995734,-0.0,0.0676491479905,-0.0,8.7150283359e-28
10,0.0332137075334,0.123168279082,-0.0,-0.0,0.62237705705,0.244277609787,0.213429072436,-0.0,0.0746193894461,-0.0
11,0.438394373575,0.117282793367,-0.0,-0.0,0.588305766407,-0.0,0.131366131681,0.42259518967,0.0469597189534,-0.0
12,0.451046235303,0.674821796593,0.562175645232,0.0213630857299,0.00646853354633,0.043325835506,0.505739927009,0.0801323298508,-0.0,-0.0
13,-0.0,0.460878613644,-0.0,0.226289570679,0.00730530164553,-0.0,-0.0,0.00182366196281,-0.0,-0.0
14,0.0584846520467,0.0395771305743,-0.0,0.117321937073,0.126624481316,-0.0,0.0391579302181,0.13242915742,-0.0,1.47210000297e-27
15,0.578854862405,0.342023049537,0.0173187034408,0.341987742371,0.0201561407968,0.275427247591,0.0518548110895,0.0306307204834,0.0681858621279,9.88298324404e-28
16,0.0116692035132,-0.0,0.605091800186,0.605086755956,0.756250116724,1.35794645551,0.169810781601,0.606457848574,-0.0,-0.0
17,-0.0,0.813369272133,0.459251186672,0.418750274538,0.575354735798,0.509377852252,-0.0,0.726657643299,0.649746218118,5.3822177884e-28
18,-0.0,0.206548548762,0.58567507749,0.294763978233,0.000861638399847,-0.0,0.183760796622,-0.0,0.717731891661,-0.0
19,0.503788575177,0.33597623964,-0.0,0.460687182408,-0.0,1.13855980218,0.342922227647,0.810994838428,0.625935441064,-0.0
20,0.335678972745,0.0126414215316,0.983293370414,0.108683692313,0.605533141339,0.53595793841,0.402507608614,0.247702798644,0.625704866543,-0.0
21,0.542816553027,-0.0,0.816434297826,0.0444375211585,1.00966168451,0.737735533741,0.656708894893,0.349239989909,0.0471997964035,-0.0
22,0.633104015097,0.0163986620383,0.642482970501,0.779142075432,0.595532360751,1.03643225199,0.0449974173357,0.381057456473,-0.0,-0.0
23,0.69649402527,-0.0,0.620882737332,0.914321089541,-0.0,0.936537110761,0.489878864587,0.0736566094807,0.514617966624,5.64085392578e-28
24,0.0327223354455,0.580439111654,0.757698931288,0.260313233992,0.701080303409,1.11234317634,0.522027166675,-0.0,-0.0,-0.0
25,0.39850948461,0.0629311615326,0.0563402562939,-0.0,-0.0,1.2890707608,0.117146410366,1.44445551069,0.0320541932408,-0.0
26,-0.0,-0.0,0.535132120992,0.797374914313,0.374487426331,0.983733762294,0.514103995834,0.585838028122,0.48764050472,5.32155004298e-28
27,-0.0,-0.0,-0.0,-0.0,0.0824713309201,-0.0,0.0553966241501,0.556970947831,0.532597351979,-0.0
28,0.0229413086817,-0.0,-0.0,-0.0,-0.0,0.162340806289,0.544993586046,0.840017485335,0.559292217638,-0.0
29,0.0506476799296,0.133688729542,0.0700590498037,-0.0,0.556588594497,0.271139420484,0.628867081322,-0.0,-0.0,-0.0
30,0.0249467170744,0.183630099603,0.010118092649,0.36212385366,0.121210859929,0.104137033659,0.208224850671,-0.0,0.0464956660767,-0.0
31,-0.0,0.19671132767,0.0217799488285,-0.0,-0.0,0.139421715266,0.122497266666,0.626400121223,0.60736342036,-0.0
32,0.419520242108,-0.0,-0.0,0.55832271222,0.323157096506,-0.0,0.327298559377,-0.0,-0.0,-0.0
33,0.485054546723,0.0406610586272,-0.0,-0.0,0.640093435367,-0.0,0.0447078919949,0.784566643117,0.555912894227,-0.0
34,-0.0,0.653350280192,-0.0,0.235508660286,-0.0,-0.0,0.541763834914,-0.0,0.504855008734,-0.0
35,0.0493270808909,0.0917922205935,-0.0,0.00220788077305,-0.0,0.291589396878,0.600690144705,-0.0,0.0790221987793,-0.0
36,0.505864168275,-0.0,-0.0,-0.0,0.589757184831,-0.0,0.674563432977,-0.0,-0.0,-0.0
37,-0.0,-0.0,-0.0,0.345265608849,0.00372023344112,0.202140983488,-0.0,0.357012504305,0.57668915912,-0.0
38,0.0167697142513,0.807986403468,-0.0,0.413721474057,0.00124187106729,-0.0,0.118134252401,-0.0,-0.0,-0.0
39,-0.0,0.565720796636,-0.0,-0.0,-0.0,0.413983949067,-0.0,-0.0,-0.0,-0.0
40,0.462926399721,0.291615675747,0.00069221928402,-0.0,0.0568140621153,-0.0,0.352860995726,-0.0,-0.0,-0.0
41,0.490142884133,-0.0,0.156179303208,-0.0,0.0163097178537,0.0880287606969,-0.0,0.0987787574212,0.532616372215,-0.0
42,0.630152284378,0.43846113285,0.0835181610566,-0.0,0.0214474454234,0.144526729618,0.10701394519,0.112588470857,0.00160469965672,1.42902025794e-27
43,0.0233752991004,0.102328483865,0.539449453142,-0.0,-0.0,0.0250863725624,0.126882730997,-0.0,0.660070620713,-0.0
44,-0.0,1.06049391886,0.0922874120915,0.323139975471,0.894911070848,0.165777370509,-0.0,0.684697557618,0.667340541129,-0.0
45,0.625763024964,0.230133753956,0.0538014255952,0.368984957635,0.0233344410613,0.151571018671,-0.0,0.578712786538,0.677574108783,9.65587861597e-28
46,3.97052475462e-05,-0.0,0.608183885496,0.353961913289,0.583023378717,0.724584458862,0.62857964052,0.863798634447,0.0809789159153,-0.0
47,0.502501747134,0.135924315143,-0.0,0.301370510347,-0.0,0.86263506893,0.0378278735628,0.726886176269,0.0184584606262,-0.0
48,0.645559706978,-0.0,0.498096697992,0.249167031555,0.750202228569,-0.0,0.0468076806016,0.10767626964,0.587797771288,-0.0
49,0.498064221438,-0.0,0.667842915232,0.230251903356,0.700356280341,0.207899574871,0.432115988479,0.532234784768,0.704817282697,-0.0
50,0.696657716024,0.000392524985649,0.6373233171,-0.0,0.13370131721,-0.0,0.58254726991,0.612015385192,0.0281907308935,-0.0
51,0.479265534082,0.054988682962,0.690621992655,0.299755394119,-0.0,-0.0,0.546618290674,0.760588800619,-0.0,-0.0
52,0.49831505927,0.00438113967636,0.745571635415,0.923342545651,0.517043255241,0.402894336556,0.477703665413,0.754635487633,-0.0,6.90252218524e-28
53,0.488479996976,0.623363086957,0.559203564423,0.0858525845561,0.555358669062,0.496339511658,0.529281037631,0.761982236011,-0.0,-0.0
54,0.612885737381,0.0337327170487,0.0491976603344,-0.0,0.703790364211,-0.0,0.125153921681,-0.0,0.691519920337,-0.0
55,-0.0,-0.0,0.0199550546065,-0.0,0.78798482583,0.420434478749,0.603311087517,-0.0,0.52368247318,2.61052049821e-28
56,0.553925821885,1.09061484212,0.587789166963,0.348569022401,0.579737190609,0.0310263700927,-0.0,0.0547083864157,-0.0,1.03119731258e-27
57,-0.0,-0.0,-0.0,-0.0,-0.0,-0.0,0.0153141577299,0.0820534380567,0.616809379402,9.46997380386e-29
58,0.00369048165007,-0.0,0.0727196887254,0.154841730809,-0.0,0.471806920304,-0.0,0.0206198117993,-0.0,7.11579497507e-29
59,0.55984274892,-0.0,0.0226174936397,0.430354169646,-0.0,0.166869209573,0.396260911323,0.677537035883,-0.0,1.44127411141e-27
60,0.0575874821308,0.253465282856,-0.0,0.0698280497406,0.0193834917794,0.0563980001334,0.165124566407,0.0446418895004,0.115535352217,-0.0
61,0.479778400732,0.0332331290868,-0.0,0.355724828309,-0.0,-0.0,0.570447512058,0.598343765954,-0.0,9.09590790823e-28
62,0.635283857144,-0.0,0.497555057784,-0.0,-0.0,0.0405406972377,0.583573709741,-0.0,0.484216358138,-0.0
63,-0.0,-0.0,0.586991089511,-0.0,0.00664094638009,-0.0,0.430173056762,-0.0,-0.0,-0.0
64,-0.0,0.448473428108,-0.0,-0.0,0.111351204351,-0.0,0.371743921971,-0.0,-0.0,-0.0
65,0.601662930202,0.0349635291971,0.124960978571,0.310883672364,0.556412160872,0.248661559055,0.107100260397,-0.0,0.0312508059456,-0.0
66,0.0340160527412,0.617593550542,-0.0,-0.0,-0.0,0.0338661469619,0.10242222144,0.446898628537,0.573446403981,-0.0
67,0.00650598064916,0.837999055089,0.473995420987,-0.0,0.0189743213356,-0.0,0.054701838455,0.151191792553,0.0681516442786,-0.0
68,0.484838495858,0.106856397225,-0.0,-0.0,0.0500147635874,0.865112505353,0.111305534118,0.942487057754,0.021554274385,-0.0
69,0.0495296690755,0.200555040027,0.51602482072,0.153498077047,-0.0,0.303596172006,0.103613038963,0.518760649648,0.542032019364,-0.0
70,0.0998412554664,0.169656201114,-0.0,0.384041192522,0.0196337633421,-0.0,0.655286063821,0.0917162642849,-0.0,1.56756829384e-27
71,0.108882412244,0.123227110699,-0.0,-0.0,0.653895856905,-0.0,0.105543596635,0.49250507218,0.0220368151532,-0.0
72,0.0521271477985,0.176654735149,-0.0,0.339268059028,0.0892852620654,0.00896205344058,0.255394629295,0.241884842154,0.073217979448,-0.0
73,0.594457327594,-0.0,0.507212805738,0.338850707814,0.583774600513,0.133703373222,0.0994180725766,0.102220347063,0.537675609129,-0.0
74,0.0312461192941,0.09148411262,-0.0,0.329720707546,0.0943776360958,-0.0,0.528799630699,-0.0,0.0498545328973,-0.0
75,0.13566041783,0.193046876389,0.470466332874,0.667265969545,-0.0,-0.0,0.178403863674,0.107040503557,0.0287170937754,1.09213155525e-27
76,0.0201178535289,0.258346572739,-0.0,0.0382364971384,0.558416940364,0.580690788111,0.10553511469,-0.0,0.079576506468,-0.0
77,0.518944828073,0.0182913979068,0.480468652167,-0.0,0.421217189704,-0.0,0.0626242614568,0.415007684487,0.61591231721,-0.0
78,0.120512699327,0.0934739983153,-0.0,-0.0,-0.0,0.437723135311,-0.0,0.0653201315062,0.0231724963818,3.51645564042e-28
79,-0.0,-0.0,0.0602369879546,0.479330815152,-0.0,0.0864093661275,-0.0,0.268228609712,-0.0,-0.0
80,0.0493190876008,0.264951458925,-0.0,0.0248487224928,0.11613863272,0.0274037223912,0.184921118166,0.0550594654462,0.0678896311288,-0.0
81,0.475868378676,0.531917155486,-0.0,-0.0,0.00501536148097,-0.0,-0.0,-0.0,-0.0,-0.0
82,0.150254884372,0.0950147487247,0.0418247815072,0.0218197056073,-0.0,0.339043053847,-0.0,0.14127896315,-0.0,1.26523763287e-27
83,-0.0,0.790789396684,0.0520376097567,-0.0,-0.0,0.0743176023065,0.480910694901,0.443035292928,-0.0,-0.0
84,-0.0,-0.0,0.668122657841,0.16186011512,0.807822169115,0.150975096214,-0.0,0.0142692762086,0.0112743524802,-0.0
85,0.0239786532515,-0.0,0.155571867715,0.0290753115494,0.0641519739828,-0.0,-0.0,0.308371702328,0.038103093898,5.3656167772e-29
86,0.0113822138973,0.510942698142,-0.0,0.735793441339,-0.0,0.241851079831,0.13580068305,0.543914039204,-0.0,-0.0
87,-0.0,-0.0,0.142499923304,-0.0,-0.0,-0.0,-0.0,0.864338305099,0.563129312559,-0.0
88,-0.0,-0.0,0.6079748768,0.257857506402,0.064306667641,0.0924909780385,0.294870146909,-0.0,-0.0,-0.0
89,0.0511830855662,0.220398182878,-0.0,0.923034943438,0.00802495594019,0.429584254368,0.124525600589,0.0975730703181,0.0161104385793,1.02339482156e-27
90,0.518129528816,0.0305241656099,-0.0,-0.0,0.792642973044,0.293070661682,0.130244933263,0.432730776844,0.0514724355258,-0.0
91,-0.0,-0.0,-0.0,0.283685020484,0.576991261627,-0.0,0.532054682664,-0.0,0.597928229573,-0.0
92,-0.0,0.517049001071,-0.0,-0.0,-0.0,0.0228027935404,-0.0,0.153907001855,-0.0,3.95940518853e-29
93,0.389959256131,-0.0,0.0362940049374,-0.0,0.0678016574368,0.0107064855962,-0.0,-0.0,0.61512310096,-0.0
94,0.0536847287586,0.172429160824,-0.0,-0.0,0.737685996264,-0.0,0.241132978458,0.017682865605,0.0457784176557,-0.0
95,-0.0,0.677326812664,-0.0,0.452939107975,-0.0,0.186420584753,0.483514620315,0.791511371884,-0.0,1.21909420299e-27
96,-0.0,0.578220990408,0.417992415773,0.0376229556248,-0.0,-0.0,-0.0,0.193465013741,-0.0,1.35897315773e-27
97,0.0526647593065,0.213602241166,0.527267273496,0.362996781884,-0.0,-0.0,0.147807458062,-0.0,0.089339581268,-0.0
98,0.584438049278,0.0675717063456,-0.0,0.462337214376,0.0997754483095,0.39443060756,0.0748203411663,0.204693366124,0.491724253577,1.25110252382e-27
99,0.0537153564296,0.186299129423,-0.0,0.387392017416,0.076766475109,0.0784513927022,0.125526457102,0.202343047108,0.510787229733,1.34882963419e-27
100,-0.0,0.866661925243,0.0350866473606,-0.0,-0.0,0.376578620305,-0.0,-0.0,0.557689000754,-0.0
101,0.0443362211003,0.414697794821,0.700811746414,0.0621028975077,0.470635011627,0.13084050488,0.147473574743,0.737681599439,-0.0,1.32704444276e-27
102,-0.0,-0.0,0.579219145437,-0.0,0.569796545472,-0.0,0.566406844057,0.130667175966,0.0736471032364,-0.0
103,-0.0,0.0910808845,0.536586335571,0.272766994004,0.275535308276,0.107472084778,0.519232255359,0.367791110815,0.543509921816,-0.0
104,0.0301434265014,0.416641914822,0.00700707576628,-0.0,-0.0,0.22728777007,0.107572442506,0.657410116078,0.0277067460268,1.11536742286e-27
105,-0.0,0.0926938366343,0.583844385599,0.206050417853,0.720086226819,-0.0,0.0491699956417,0.537934705679,0.768314405256,-0.0
106,0.523260832216,0.19399963209,0.0286508356857,-0.0,0.693049962853,0.0658650919823,0.114948406779,0.734298810835,0.0268278292874,-0.0
107,0.594709500039,0.308677864687,0.579558178393,-0.0,0.573553201478,0.368153512844,0.0743894175814,0.0751688087222,-0.0,9.68193758606e-28
108,-0.0,0.285891118578,0.395925636627,-0.0,-0.0,0.539713294883,0.104437437935,0.500361028664,0.0116085514579,-0.0
109,-0.0,-0.0,-0.0,0.369057973623,0.00400515164395,0.399560941701,0.604299529185,-0.0,-0.0,-0.0
110,0.00784770552362,0.337849966069,0.00991658705646,0.362440881693,0.0505538904118,0.557060354371,0.107240620629,-0.0,-0.0,-0.0
111,0.359339641796,0.536518077316,-0.0,0.241259984978,0.607291756318,-0.0,0.47859171079,0.379482283069,-0.0,-0.0
112,0.0481856995746,0.257977736453,0.0496671293081,0.365653701697,-0.0,0.375824389703,0.59348419003,0.0613583489317,-0.0,1.40262325934e-27
113,-0.0,-0.0,0.649337962327,0.275366872956,-0.0,0.016115605026,0.378995471892,-0.0,-0.0,-0.0
114,0.0175738449242,0.741281433605,0.455254071796,-0.0,0.0234422899496,0.135589363809,0.0949087662212,0.0797741464589,0.0539879888081,-0.0
115,0.394747910334,0.968261958987,0.0563077419836,0.0486010933866,-0.0,-0.0,-0.0,0.571244713649,0.367331189337,1.08352769038e-27
116,0.476000892755,-0.0,-0.0,-0.0,0.601624375371,-0.0,-0.0,-0.0,-0.0,-0.0
117,0.345082953531,-0.0,-0.0,-0.0,0.559861107006,-0.0,0.405981591165,-0.0,-0.0,-0.0
118,0.0795501423878,0.210202072247,-0.0,0.459572460086,0.0126471541348,-0.0,0.128712218105,-0.0,0.0819260476921,1.26199177151e-27
119,-0.0,0.29598760962,0.0622127699753,0.382504011029,-0.0,-0.0,0.425482346003,-0.0,-0.0,-0.0
120,0.576132391394,0.00202489126275,0.553669701612,0.292055872447,0.0312877544667,0.235677295073,0.0263368459759,-0.0,0.47215829816,-0.0
121,0.453628697834,0.339301499455,0.0611175915592,-0.0,0.136008989962,0.215684339717,0.117597960127,-0.0,0.0267255636422,-0.0
122,0.0904649380288,0.255876730488,-0.0,0.0282732464623,0.0237501528843,0.33016206172,0.133987416029,0.0925248661495,0.0526827873869,-0.0
123,0.0150300874133,0.141386722136,-0.0,0.320440908437,0.0170101537844,-0.0,0.160880664803,0.577034305361,0.00896339967837,-0.0
124,0.103022342456,0.272500098537,-0.0,0.00464798589919,-0.0,0.298244360765,0.147608727861,-0.0,0.158777089429,3.94595780339e-29
125,-0.0,-0.0,-0.0,0.764029751711,0.496481296167,0.254080971696,-0.0,0.0270125444597,0.000251767203472,-0.0
126,-0.0,-0.0,0.0405768698799,-0.0,0.562713924744,0.129695705445,0.421243998549,0.00973416839217,-0.0,3.22296645232e-28
127,-0.0,0.59933998559,0.46065575662,-0.0,0.639537812078,-0.0,0.517825415131,-0.0,-0.0,-0.0
128,0.533074630779,0.657139769445,-0.0,0.451508691904,-0.0,-0.0,0.466730574643,0.472529437256,-0.0,5.18141896073e-28
129,-0.0,-0.0,0.601157978317,-0.0,0.0246130832327,-0.0,0.411270901563,-0.0,-0.0,-0.0
130,0.2868405433,0.700472548627,0.722080006652,-0.0,-0.0,0.643457322489,0.0329776628743,0.614436630193,0.0934144608919,-0.0
131,-0.0,0.0503346096664,-0.0,0.317725878343,0.0127319488019,-0.0,0.783295060339,-0.0,0.0967584860072,-0.0
132,0.0393536539401,0.0490886566123,-0.0,0.0115965542644,0.0543936561857,0.0320796284532,0.0537083421983,0.145462044163,-0.0,1.47759701827e-29
133,0.475235657517,-0.0,-0.0,-0.0,0.553399397821,-0.0,-0.0,-0.0,0.505025025224,-0.0
134,0.545827143652,0.654831804843,0.537071992639,-0.0,0.511662431004,-0.0,-0.0,0.644134819997,0.344552202315,9.74494068765e-28
135,-0.0,0.122632210098,0.0776761748975,-0.0,0.553119045211,0.234914482253,-0.0,0.00826307580225,-0.0,-0.0
136,0.530280018428,0.65000586284,0.550258461185,0.334710511279,0.516313178879,0.0636560058433,0.0440370274519,-0.0,0.0728708515439,-0.0
137,0.0178195195356,0.0448004181885,0.0115741959543,0.0142059394942,0.00232627106446,0.00346528248047,-0.0,-0.0,0.00903634802982,7.32209526405e-29
138,0.53276023436,-0.0,0.0376627475136,0.107343861372,0.0506575717761,0.0665916635375,0.684845594826,0.549742751592,-0.0,-0.0
139,-0.0,0.0476811835844,0.045423343402,0.282098197412,0.171479721503,0.717154208602,0.514532578946,0.471812864427,-0.0,-0.0
140,-0.0,0.00642535586324,-0.0,0.352568179873,0.0122597042408,0.156571213006,0.547748515412,0.639729371886,0.0709653284252,-0.0
141,-0.0,-0.0,-0.0,-0.0,0.0328610277765,0.028057546526,0.414860602208,0.816830890433,-0.0,-0.0
142,0.0576864213626,0.162282125107,0.0164063978385,-0.0,0.00148401568793,0.62164242401,0.0801707027827,0.577810887547,-0.0,-0.0
143,0.725583849369,0.0725065323997,0.119283021973,0.29832745895,0.672988059472,0.190653037649,0.0815689107056,-0.0,0.0879196831277,-0.0
144,0.477247207442,0.194327391425,0.203039836304,0.671564811953,0.666603221511,0.344737412442,-0.0,0.150890184299,-0.0,1.05753980434e-27
145,-0.0,0.0317973452616,0.0913503975069,0.328912622149,0.12973282944,0.209989415409,-0.0,0.337186693591,-0.0,-0.0
146,-0.0,0.723470724848,0.0329861776724,0.695244910018,-0.0,0.504045985371,0.386042205917,-0.0,-0.0,-0.0
147,0.461002825777,-0.0,0.642188309792,0.524143687759,-0.0,0.202514352745,0.566203045882,-0.0,-0.0,-0.0
148,-0.0,-0.0,-0.0,0.915811375124,0.545995461602,0.148649017751,0.539862736699,0.411190115702,0.669581702799,-0.0
149,-0.0,0.737940997203,0.495099282275,0.408375710015,0.560042210376,0.430962826371,-0.0,-0.0,-0.0,7.26324083087e-28
150,0.403499349055,0.0183829354161,-0.0,-0.0,0.563138651432,-0.0,0.548715428433,-0.0,-0.0,-0.0
151,0.443291380423,0.581855489723,0.547361928166,0.207143671864,0.589389290651,-0.0,0.078854964373,0.577306924327,0.417546781054,-0.0
152,0.706201734094,0.597714343237,0.664958668559,0.607677400332,-0.0,0.415608857782,0.35389763548,0.0786165948831,0.59547992184,1.23912027111e-27
153,0.0821073305826,0.169578564167,0.622547920009,-0.0,0.646386584718,0.469633382787,0.63102184282,-0.0,0.00037206408635,-0.0
154,-0.0,0.795830744875,-0.0,0.403575865423,0.426112787384,0.091241853457,0.440688773498,0.599493586866,0.540146182331,1.21503526497e-27
155,0.0347887849225,0.188811686675,0.00591986929894,0.444368076728,-0.0,0.329884347664,0.0288785515777,0.0735630193966,0.624047871824,1.43713019393e-27
156,-0.0,0.0208333657982,-0.0,-0.0,-0.0,0.467600469048,0.586511817327,-0.0,0.599137100748,-0.0
157,0.511595538415,0.618794666032,0.639916536799,0.312703898104,0.707875247416,0.0720941122256,0.0385582162384,0.154422627927,0.153073230561,-0.0
158,-0.0,-0.0,-0.0,0.467213372071,0.0375197599377,0.0679518273215,0.0295168444077,-0.0,0.0353724646764,-0.0
159,0.542648716809,0.806007174582,-0.0,-0.0,0.0166906374315,0.55625293183,-0.0,-0.0,0.0383012696578,-0.0
160,0.552902372708,0.210427983796,-0.0,-0.0,-0.0,0.0815626620375,0.139109258275,0.0843111702397,0.0916744306682,-0.0
161,-0.0,0.000986550791279,-0.0,-0.0,0.0264102442899,0.00282224131556,-0.0,0.519531900146,-0.0,-0.0
162,0.494644770064,-0.0,0.0186634087177,0.510185851777,-0.0,0.18453034643,0.440111057023,-0.0,-0.0,1.25959120515e-27
163,0.581254602919,0.569336166267,0.51007744759,-0.0,0.564077796077,-0.0,0.00147585411179,-0.0,0.591420123827,1.16057864901e-27
164,-0.0,-0.0,0.262538517746,0.624513666689,0.0647594231331,0.277532054982,0.526160071658,-0.0,0.622353063511,-0.0
165,0.115232769636,0.216317532146,-0.0,0.057048129779,0.551633579537,-0.0,0.107860668599,0.584563221002,0.0721044909324,1.19631814455e-27
166,0.503620261488,-0.0,0.091517359546,0.235508830514,0.406963086079,0.305360719736,0.325402954737,0.00137029672703,-0.0,-0.0
167,-0.0,0.0304713297078,0.487510209439,-0.0,-0.0,0.516538764279,0.552294768881,0.0660809614838,0.566695207626,-0.0
168,-0.0,0.00236679591625,0.484306059083,0.163282991246,-0.0,-0.0,0.0659279029935,0.441427914446,0.622409538961,-0.0
169,-0.0,0.545757037396,-0.0,0.31084468254,0.59695239107,-0.0,-0.0,-0.0,-0.0,-0.0
170,0.0213232231087,0.239954489895,0.0798637616228,0.0403745431556,0.0648391958536,0.182233631426,0.539465402518,0.0701769318411,-0.0,-0.0
171,-0.0,0.222711730498,0.459054590549,-0.0,-0.0,0.454973907148,0.611199386266,0.0974617373614,-0.0,-0.0
172,0.686657747451,0.0453403922425,0.550382895461,0.0952858515997,0.0658187065696,0.302285642215,0.10996164255,0.308071880263,0.137257404315,1.59500733855e-27
173,0.542718275671,-0.0,0.571167848528,-0.0,-0.0,-0.0,-0.0,0.10677422058,-0.0,-0.0
174,0.570678125698,0.0871252825167,-0.0,-0.0,-0.0,-0.0,0.0815522990682,-0.0,0.649358069919,-0.0
175,0.110468338469,0.20835825312,0.0165708190494,-0.0,0.0930000660158,0.00515572339621,0.171931744365,-0.0,0.0895785661639,-0.0
176,-0.0,0.05830088953,0.0458840614704,0.0788477675538,0.106722219717,0.0729173046047,-0.0,0.0138360189236,-0.0,2.02034332858e-29
177,0.386385598677,-0.0,0.0276158796404,-0.0,-0.0,0.271983636915,-0.0,0.185288303153,-0.0,-0.0
178,0.483609028132,-0.0,-0.0,0.328386975552,0.588543879978,-0.0,-0.0,-0.0,-0.0,-0.0
179,-0.0,0.184592739869,0.0954325806143,-0.0,0.0436342266332,0.385203027154,0.148039281587,0.659500847745,0.0962147054382,-0.0
180,0.135510311969,0.0869375400758,0.600098374858,0.381718218708,-0.0,0.13526346975,0.219495172143,0.0229382312575,0.113581414321,-0.0
181,0.425613618199,-0.0,-0.0,-0.0,-0.0,0.383688826398,0.328668726034,-0.0,-0.0,-0.0
182,-0.0,0.531521323479,0.608800815116,-0.0,0.543760477728,-0.0,-0.0,0.490527618423,-0.0,-0.0
183,0.00878526730752,0.212137964501,-0.0,-0.0,0.590136731901,0.651537336963,0.147461447413,0.0773080201589,0.0430009971339,-0.0
184,-0.0,0.0878610787776,0.155355524357,0.368602229054,0.723654516509,0.116928029376,-0.0,-0.0,-0.0,-0.0
185,0.105208451799,0.133332466384,0.125830666115,0.0348057039198,0.167731004096,0.392933985313,0.160972812775,0.0480180591503,0.115505333292,-0.0
186,-0.0,-0.0,0.0120675365196,0.00870072068361,0.0237458625478,0.189255785784,-0.0,0.284748856646,0.0554789095348,-0.0
187,0.0224762371098,0.16456225975,0.0291903799239,0.387649069621,-0.0,-0.0,0.129836092335,0.0951292052935,0.575100871308,-0.0
188,0.0026787811214,0.210003367745,0.000889450794481,-0.0,0.607061540047,0.247380961565,0.150746483337,0.224297964152,0.0771817986729,-0.0
189,0.457335732609,-0.0,2.71059922078e-05,0.151946822797,0.498193683524,0.276689257064,-0.0,0.000503218395911,-0.0,-0.0
190,-0.0,0.51782432998,0.0163759553645,0.263757647197,-0.0,0.372229400906,-0.0,-0.0,0.406397087846,-0.0
191,0.578110806903,0.0227031566042,-0.0,0.636960534466,0.590892851261,0.206579578688,0.0730826873039,0.18199451319,0.00582780452728,-0.0
192,-0.0,0.703572764422,0.671452275158,-0.0,-0.0,0.0663581859481,0.61557197894,0.575345608358,-0.0,-0.0
193,-0.0,-0.0,0.534154920375,0.685262328374,-0.0,0.338087355852,0.481559641176,0.209648155909,0.648577505908,-0.0
194,0.0550301760133,0.868052450837,-0.0,0.0781823434595,0.675293310187,0.0741896205796,0.0357501976638,0.651312123358,-0.0,-0.0
195,0.660191541721,0.152846955524,0.0992808182796,0.0067632463478,0.522983082102,0.0386592157636,0.427344532222,0.0796175894794,0.434699692633,1.31086274951e-27
196,0.125668199297,0.0287083795412,-0.0,0.379959498952,-0.0,0.305170830501,0.6249914397,0.0711083616627,0.0717833861202,-0.0
197,-0.0,-0.0,-0.0,-0.0,0.0325892329254,0.494081567816,0.0262614568276,0.0318956437474,-0.0,1.9205256586e-28
198,0.7014994496,0.0350752465741,-0.0,-0.0,-0.0,0.15377613446,0.176532993887,0.600021182793,0.0567156313792,-0.0
199,0.503034462807,0.652111806331,0.4785070299,0.0577133628758,0.566036693862,0.229963899665,-0.0,0.0794721416808,0.534829539456,1.33182000265e-27
200,0.529584983917,0.891774724851,-0.0,-0.0,-0.0,0.56415400246,0.427822758029,0.0963417938984,-0.0,8.49009542865e-28
201,0.0401684741914,0.427880265713,0.0263549699301,0.815065342626,0.679030794352,-0.0,0.501500142859,0.715687476981,0.633891761785,9.48940650538e-28
202,0.0311544252725,0.783046805898,-0.0,0.0397588304732,0.0190043679821,0.323354733427,0.0747888286416,-0.0,0.0178519705087,-0.0
203,0.476116802712,0.539975195733,0.045704257292,0.0541034432687,0.00176075667132,-0.0,0.532881423049,0.162859761722,0.498516404725,-0.0
204,0.0899187916343,0.210693840541,-0.0,-0.0,0.0677248317079,0.0803315145593,0.180137380702,0.12394585908,0.106924313767,1.53401373141e-30
205,0.0581551641006,0.0937810494332,-0.0,0.4242793154,-0.0,-0.0,0.625068057136,0.183031972237,0.0342207606111,1.46427594684e-27
206,0.0754661839444,0.208256741606,-0.0,0.0685667549812,0.580064777382,0.0729031811652,0.116299908751,0.0187378941002,0.0377423489386,1.09489534115e-27
207,0.396991121558,-0.0,0.684491520764,-0.0,0.489912947827,-0.0,-0.0,-0.0,-0.0,-0.0
208,0.0688436365541,0.0322867626544,-0.0,0.220704637044,-0.0,0.488993803395,0.168127833469,-0.0,0.06523803482,1.31395315082e-28
209,0.0759340305476,0.14882683152,0.0256338961168,0.0949026703951,-0.0,-0.0,0.137001589921,0.72808730668,0.0183282796554,-0.0
210,-0.0,0.95215885138,0.0264870591438,-0.0,0.616545278305,0.0577317890496,0.0312661254028,0.152440635083,0.0560980337438,-0.0
211,0.0103117652912,0.935033557595,-0.0,-0.0,-0.0,-0.0,0.111933135197,0.116928133919,0.0902488040794,-0.0
212,0.43689838174,-0.0,-0.0,0.0145514549112,0.0360329909244,0.361296725058,0.379747799084,-0.0,-0.0,-0.0
213,-0.0,-0.0,-0.0,-0.0,0.557954134105,0.838110703987,-0.0,-0.0,-0.0,1.2953626824e-28
214,0.559988508504,0.147010535331,-0.0,0.31397574915,0.0183917416699,0.141157962113,0.113083167948,0.10049492705,0.0755798133171,-0.0
215,0.570436224695,-0.0,0.450699306169,0.262347914959,0.492733232117,-0.0,0.266906304398,0.395545327226,-0.0,-0.0
216,0.324721993665,-0.0,0.535158585698,0.428031974413,-0.0,-0.0,0.285990125608,-0.0,-0.0,-0.0
217,0.138696749443,0.111042684852,-0.0,0.338121070502,0.581619188445,0.0511375222196,0.132509533211,0.038667510027,0.529831030395,-0.0
218,0.533681422605,-0.0,-0.0,0.291298608029,0.00842190276939,-0.0,0.65332546921,-0.0,0.00794976045953,-0.0
219,0.135324348589,0.358399093312,-0.0,0.509996188586,-0.0,0.00550119547947,0.200905215599,0.0208883277709,0.144934452589,1.143366744e-27
220,0.459596071793,0.764206192649,0.0635189629288,-0.0,-0.0,0.0921173975323,-0.0,0.56014534226,0.55897632012,-0.0
221,0.0120686067098,0.13338579501,0.0570913107688,0.154987346114,0.0143061449856,0.0871286854844,0.720791054581,0.12321487047,-0.0,-0.0
222,0.0113492805921,0.0728409892977,-0.0,-0.0,0.0236254006792,0.264841794595,0.105251614473,0.0414358550804,0.645084596505,-0.0
223,0.132695374991,0.256800824043,-0.0,0.0334200751415,0.0119798550843,0.126975542075,0.15525311859,0.0729307349611,0.0477525965724,-0.0
224,0.544676443758,-0.0,0.0127011551949,-0.0,-0.0,0.0303413875275,-0.0,-0.0,-0.0,-0.0
225,0.0314075789415,0.0146745911957,0.0110074944652,0.242457122683,0.0929601794714,0.00397343630541,-0.0,-0.0,-0.0,-0.0
226,0.581010895523,0.0523678957779,-0.0,0.0519339330278,-0.0,-0.0,0.598693028752,0.77575576452,0.0701846758625,1.12563799688e-27
227,-0.0,0.820219969387,-0.0,0.445647486693,0.840689982127,-0.0,0.0657166718887,0.366251235067,0.15548038151,-0.0
228,0.439797261308,0.619731922174,-0.0,0.0370268342595,-0.0,0.0264701774127,0.0603964721576,0.506296773085,0.603572301839,-0.0
229,-0.0,0.854052465,0.0750973824058,0.487978175288,0.309987471945,0.208207634337,0.0220782671759,0.0866745873731,-0.0,-0.0
230,0.5537008658,0.913422756107,0.0658599729506,0.331981382051,0.00374084192926,-0.0,-0.0,0.533832961725,0.0398486370049,6.01200401744e-28
231,0.591244234693,0.764428020321,-0.0,0.0436657895589,-0.0,0.320721671213,-0.0,-0.0,0.0293167551456,-0.0
232,0.0304702725793,0.145395623308,0.366617219475,0.374234158911,-0.0,0.187655819648,0.154352714969,-0.0,0.0854383203176,-0.0
233,0.685231556568,-0.0,0.493535208068,0.0125694494085,0.683205931383,0.0249841121507,-0.0,0.192775284,-0.0,1.70073413818e-27
234,0.471022813512,-0.0,0.0694810352091,0.689818595849,0.670547888771,0.602969763038,0.558771454177,-0.0,0.0703318988093,-0.0
235,0.691974592559,0.213645865657,0.163085055258,-0.0,-0.0,0.343431341595,0.0202521890206,0.226982599994,0.625092179066,1.39487670336e-27
236,-0.0,0.606744190147,0.730450414213,0.814685410542,0.466181545647,0.368366538127,0.0800977098972,0.13974161417,0.0414646487792,1.11166208886e-27
237,0.605746971384,0.0884514508469,-0.0,0.264109687672,0.484937659712,0.0624726587575,0.15448463096,-0.0,0.00866446359601,-0.0
238,0.454925776728,-0.0,-0.0,0.340751040921,0.0673132489439,0.0514227818884,-0.0,-0.0,-0.0,-0.0
239,-0.0,-0.0,-0.0,-0.0,-0.0,-0.0,-0.0,-0.0,-0.0,6.03343036919
240,0.0210685402562,-0.0,0.618997903211,-0.0,0.0605799114635,0.0513755060944,0.00343725679762,0.0166507738056,0.0120595739565,-0.0
241,0.0157259351263,0.0410698582492,-0.0,-0.0,0.0257047158144,-0.0,0.760189146446,0.0275575380661,0.0534338854962,-0.0
242,-0.0,0.00126364174253,0.0192272762504,0.442541446099,-0.0,0.0809816548363,0.0348796549645,0.188046807638,0.0828077507144,-0.0
243,0.547045913701,0.547500479951,0.105109285542,0.420306771694,-0.0,0.209186402677,-0.0,-0.0,0.0123871473755,1.18716766237e-27
244,-0.0,0.0447517910841,0.106902454571,0.0116182470669,0.556701694811,0.350725992014,-0.0,0.0986975418389,-0.0,5.36709640217e-30
245,-0.0,0.0182046060366,0.549388854124,0.484738481601,0.000681938119456,0.00863632983227,0.0336406696921,0.296570630915,0.0279026468801,-0.0
246,-0.0,0.409879810903,0.0281550082632,-0.0,0.0193878440687,-0.0,-0.0,0.0861578605429,0.424703535975,-0.0
247,0.692524963081,0.175592078365,0.590912047874,0.552606182622,0.682971821209,0.816382283027,0.107144242064,1.03265269442,-0.0,8.46509034049e-28
248,0.557048548666,-0.0,0.548929391565,0.60634701151,0.0263394022429,0.927865136943,0.0459110725238,0.729629376367,0.790594125307,-0.0
249,0.393655365274,-0.0,0.0561855599199,0.491062810483,0.0728177903487,0.264871585279,0.261892127898,0.887801098008,0.424982301886,-0.0
250,0.602322114682,0.0546042490923,0.620391540216,-0.0,0.298858244116,0.0885395883137,0.525732837288,0.746769036408,-0.0,-0.0
251,0.554094506178,-0.0,0.469808283431,0.66429673417,0.0847922954713,0.417267002073,0.522451218809,0.647723210576,0.60899501827,-0.0
252,-0.0,0.0478640475167,0.611864827713,0.321255866123,0.531298991166,0.724151942253,0.493153224279,0.742988429734,0.52906012175,-0.0
253,0.595570008697,0.62663272088,0.0354695454003,0.258938400252,0.741900558941,1.06825498582,0.467931115927,0.659061283947,-0.0,4.22579223525e-28
254,0.634900745734,0.810219303843,0.81434662142,0.911953281344,-0.0,0.72999544242,-0.0,0.985340664449,-0.0,1.69743693649e-29
255,0.0658666794015,0.0402369764089,0.545925193534,0.81283380778,-0.0,0.636991077502,0.60251191344,0.699991851585,-0.0,1.11401418371e-27
256,0.589805647913,-0.0,-0.0,-0.0,-0.0,1.46635643187,0.546102198138,0.150283256285,-0.0,1.90095216286e-27
257,0.0318343124533,-0.0,0.128741067703,0.0578045577967,-0.0,0.085953285801,0.44126340554,0.953244161215,-0.0,1.47363139383e-27
258,0.659185628555,0.165022531768,0.579992569619,-0.0,0.0325877803918,0.232538891246,0.08267371905,0.0825588607261,0.466203065225,-0.0
259,0.59704980598,-0.0,0.107548267444,0.225791224732,0.65633253986,0.36328457056,0.632977951498,0.00846759306468,0.0151078741983,-0.0
260,0.216885541515,0.0306677723695,-0.0,0.302822436599,-0.0,0.113775070637,0.0364081076087,0.486260973918,0.715943946684,-0.0
261,0.385959512376,-0.0,0.743427463988,-0.0,-0.0,0.0748640617289,0.39672116897,0.0302248097963,-0.0,5.11341948579e-29
262,0.558206608832,0.759263822531,-0.0,0.258174188486,-0.0,0.0294383380845,0.050011597194,0.358038544397,0.043386940388,-0.0
263,0.0505867281052,0.0387607209896,-0.0,0.621080887209,0.708012189869,0.149784945016,0.00132988839043,0.00612490666784,-0.0,1.2512088333e-27
264,0.101138528145,0.302650963778,0.0746407154307,-0.0,0.151936144087,0.173413585232,0.183421330075,0.054841512979,0.0588198235765,-0.0
265,0.356959753908,0.937261487352,0.0256806636432,0.74146988555,0.0605215979861,0.235046645731,-0.0,0.034844603352,0.00257387902187,-0.0
266,0.462357556411,0.58581325835,-0.0,-0.0,-0.0,0.909074237156,0.410921110348,-0.0,0.655606302358,-0.0
267,-0.0,-0.0,-0.0,-0.0,-0.0,0.32915568485,0.416411402463,-0.0,0.465511450695,2.71784275089e-28
268,0.507542997682,0.0126978812741,0.56706401605,-0.0,0.713533653089,0.138945484432,0.0424764360464,-0.0,0.588635569123,-0.0
269,-0.0,0.0269000264374,-0.0,0.280169738768,0.119711850257,0.0847361388807,-0.0,0.0635610782294,-0.0,-0.0
270,0.0365951015973,0.111649236864,-0.0,0.0729119187183,0.0115175655793,0.419843769724,0.186888299559,0.0344504759922,0.0715241665618,-0.0
271,0.548983033284,0.728837545,-0.0,-0.0,-0.0,0.0241279225804,-0.0,-0.0,0.626980454761,-0.0
272,-0.0,0.115869427729,0.0319819133039,0.13985006976,-0.0,0.765364529926,0.135034434833,0.373833067755,0.735893979698,5.22634672881e-29
273,-0.0,-0.0,-0.0,0.688507222512,0.498739049313,0.404551810147,0.667121465102,-0.0,-0.0,-0.0
274,-0.0,-0.0,-0.0,0.746654213276,0.676150968645,-0.0,-0.0,0.056966336491,0.0119800854865,-0.0
275,0.102100654692,0.576047109675,-0.0,0.508363677776,-0.0,-0.0,-0.0,0.0940157895552,-0.0,1.0959557543e-27
276,0.308422841777,0.507445111957,-0.0,0.304114501012,0.565300121434,-0.0,-0.0,-0.0,-0.0,-0.0
277,-0.0,0.513113347114,0.626533229937,0.802617573524,-0.0,0.431082950925,0.553870533912,0.66769392856,0.310692120886,-0.0
278,-0.0,0.0584808341807,0.642160297727,0.335030294091,-0.0,0.00183706245843,-0.0,0.443242022577,-0.0,7.82825710688e-28
279,0.609422750241,0.672339653546,0.0222576150353,0.271886323856,0.692136622512,-0.0,0.0608244030915,0.601993029478,0.549221287972,1.06512504092e-27
280,0.558442267983,0.655118210983,0.523863536193,-0.0,0.558334401353,0.324597655104,0.448064068631,0.645525935618,0.582611443338,-0.0
281,-0.0,0.565553050444,-0.0,0.825109720633,0.789815299562,0.320137559083,0.0151392092817,0.618016355132,0.0173022145221,-0.0
282,0.528480884957,0.521230225281,0.437130270818,0.891837056419,-0.0,0.119070464743,0.456151429251,0.653194678273,-0.0,-0.0
283,0.528222947524,0.727072374336,-0.0,0.330519917502,0.592991149962,-0.0,-0.0,-0.0,0.527700225304,9.65340377428e-28
284,0.486436328653,-0.0,0.746227625089,0.785130262144,-0.0,0.386765543582,0.471268303554,0.544581735685,0.513064600412,-0.0
285,-0.0,0.359274033122,0.0664878120065,0.382361141027,0.00722702157693,0.761371256126,0.0920241860213,0.110185798186,0.710350879967,-0.0
286,0.570829888554,0.226425195292,0.508443280956,0.759334983928,-0.0,1.01246359465,0.0862984968497,-0.0,0.0503415101318,1.10200719525e-27
287,0.560481539747,0.195712102536,0.043811194299,-0.0,0.00200717159124,0.0147155733394,0.0959452090838,-0.0,0.552491490303,-0.0
288,-0.0,-0.0,-0.0,0.547437825305,0.0138824655337,-0.0,0.481336532674,-0.0,-0.0,-0.0
289,-0.0,-0.0,0.629057955683,-0.0,-0.0,-0.0,0.435959861447,0.0707037260364,-0.0,-0.0
290,0.139035373655,0.26532113045,0.105005491462,0.130186040221,0.0239043070905,0.164505473439,0.190858998698,0.0529674719407,0.0550673664195,-0.0
291,0.0425230487267,0.207005835702,0.0812109469983,0.102531926742,0.0348896690862,0.0721235927056,0.214957104904,0.0958354755074,0.083664413654,-0.0
292,0.00539201615807,0.065897215187,0.123234571866,0.0895358366326,0.188790845053,-0.0,0.692163461774,0.0176569230616,0.069216607066,-0.0
293,0.0773266166602,0.136347622497,-0.0,0.383684383749,0.0159679506528,0.0377783434863,0.188684405356,0.245054402188,0.139518716684,-0.0
294,0.00385475962935,-0.0,0.741496050255,-0.0,0.0559226038445,0.419853221672,-0.0,-0.0,0.0737762870327,1.56169696847e-29
295,-0.0,0.00745166705558,0.0287604143608,-0.0,0.101409672737,0.0192029068787,-0.0,0.571570474395,0.0333763632968,-0.0
296,-0.0,0.0503346096664,-0.0,0.317725878343,0.0127319488019,-0.0,0.783295060339,-0.0,0.0967584860072,-0.0
297,0.0606862454279,0.230716091653,-0.0,-0.0,0.846125738784,-0.0,0.178171973426,-0.0,0.0512027168498,-0.0
298,0.00638911813927,0.0217565410464,0.00668967256335,0.0078787762572,0.0172502040197,-0.0,-0.0,0.0520983806974,0.0251715502841,8.66377031666e-29
299,-0.0,0.0489760270909,-0.0,0.317496730005,0.0125222090655,-0.0,0.788078954119,-0.0,0.0962250459267,-0.0
300,0.637922525638,0.0447406114197,-0.0,0.110723518124,0.0271462198037,0.446116526644,0.200945125588,0.067698886428,0.0385132080094,-0.0
301,-0.0,0.660124386409,0.0713921277701,-0.0,0.544187955452,0.186206909748,0.21554124548,-0.0,-0.0,-0.0
302,0.0046278368514,0.0139632436691,0.630828451039,-0.0,0.609664114744,0.212941149969,-0.0,0.1567007813,0.0238824754193,1.52809559011e-28
303,0.068773089042,0.223045037116,-0.0,0.0159320651517,0.660017543127,0.0288530351996,0.158833339405,0.00298885324411,0.0662284725363,-0.0
304,-0.0,0.60865323713,0.425728538908,-0.0,0.0746865936993,0.214071640132,0.00239359824609,0.0538143825246,-0.0,-0.0
305,-0.0,0.313297238847,0.0188929511586,-0.0,-0.0,0.991380659669,0.307065187004,-0.0,-0.0,-0.0
306,0.486754009548,0.0291580652507,-0.0,-0.0,0.0086771542891,-0.0,0.512395527085,0.110740925954,0.593505378395,-0.0
307,0.497876449259,-0.0,0.547514665503,0.725175823089,-0.0,-0.0,-0.0,0.36154113692,-0.0,-0.0
308,0.480372626556,-0.0,-0.0,-0.0,0.00227526771523,-0.0,0.462441125584,-0.0,0.0302754913312,-0.0
309,-0.0,0.787791475573,-0.0,0.278872241446,0.110999217737,-0.0,0.543714316052,-0.0,-0.0,-0.0
310,0.508543737191,-0.0,0.0260036178245,0.25175233509,-0.0,0.804329945166,0.548612515215,0.505089961859,0.0580939511755,-0.0
311,-0.0,0.448822424226,0.586368948883,-0.0,-0.0,0.110385298124,-0.0,0.438923607681,-0.0,-0.0
312,0.0589350240991,0.266866644946,0.68222615584,0.0179239964092,0.0292505224717,-0.0,0.189996978121,0.0285880742714,0.0783426571632,-0.0
313,-0.0,0.806070911015,0.0287875244545,-0.0,-0.0,0.279099008023,0.572006066737,0.0113550597609,-0.0,-0.0
314,0.380499135663,-0.0,0.523072226172,0.949600860378,0.0950316975235,0.0332208407748,0.133011307791,-0.0,0.761686234018,-0.0
315,0.411325009198,0.198091098999,-0.0,0.26527371393,0.593923255912,-0.0,0.363292604646,-0.0,-0.0,-0.0
316,0.00908078267607,0.140793164602,-0.0,-0.0,0.568488384445,-0.0,0.647540867138,-0.0,0.0427595968488,-0.0
317,0.612036617659,0.870029046932,-0.0,0.164862567479,-0.0,0.705054206643,0.0545366603282,0.323520309483,0.0328872413897,-0.0
318,0.440483584788,-0.0,0.794934525746,1.00907980238,0.6142926761,0.126578867035,0.565553716991,0.874762305451,-0.0,-0.0
319,0.430708827228,0.644623614972,0.635086495732,0.684650744893,0.634982663137,0.114280645404,-0.0,0.596488834191,0.607437048479,-0.0
320,-0.0,0.529332137522,0.539685973159,0.221964241318,0.511388009545,1.21365663792,0.41008447879,-0.0,0.0517529814276,-0.0
321,0.633517091398,0.0626059248625,0.733658864004,-0.0,-0.0,0.0453001405067,0.165486080438,0.269573755999,0.749249857204,-0.0
322,0.457834668628,0.156815829106,0.302580994715,0.48025997315,0.0192142624292,0.320706420913,0.388955457823,0.322190734171,0.469549633198,9.50534434577e-28
323,0.119232599182,0.947253019344,0.135135243563,0.300064800466,0.680356621212,0.85137373325,-0.0,0.0368226115939,-0.0,9.84506564327e-28
324,-0.0,-0.0,0.0123210628973,0.451933088561,0.604117245122,0.123107241466,0.383872230844,0.11820337541,0.300366072559,-0.0
325,0.515019368488,-0.0,0.636359918385,-0.0,0.446248097898,0.442204027242,0.499847337079,-0.0,0.0355430036787,-0.0
326,0.734098496187,-0.0,0.626408296599,0.641009383501,0.685938117221,0.168906127725,0.26693422276,0.259976625977,-0.0,-0.0
327,0.130582224129,-0.0,-0.0,0.686089981151,-0.0,0.1070492696,-0.0,0.195817554647,0.0372904703574,1.39781729486e-27
328,0.560045807287,0.147041117505,0.676103513764,-0.0,-0.0,0.0930814063751,0.136746242728,0.0274269291231,0.555367064313,-0.0
329,0.571873311624,0.127216910943,-0.0,0.398706811964,0.00251372424223,-0.0,0.101924422022,0.148535519647,0.123230532897,-0.0
330,0.416105335636,0.716332818293,0.0228818612549,-0.0,0.517726235388,-0.0,0.445496940832,-0.0,0.489240408702,-0.0
331,0.587357419351,0.135440410574,0.503623151709,0.0154549530773,-0.0,-0.0,0.565629710093,0.0385125494173,0.0125351257574,1.40625547457e-27
332,0.614270256938,0.17219890321,0.0540805303961,0.0280482023013,-0.0,-0.0,0.0727609350167,-0.0,0.582367900655,-0.0
333,-0.0,0.113748595147,0.043044924209,0.404607712162,-0.0,0.698960485289,0.0661233178384,0.239787410393,0.111031013372,-0.0
334,0.0810820439656,0.270866566796,0.629327694272,0.0687417334774,0.058718615367,-0.0,0.152640557598,0.0337498591238,0.0793802756009,-0.0
335,0.391957459476,-0.0,0.602718297017,-0.0,0.0629265554472,0.290582319731,0.190085552068,0.70523482496,0.484474265857,-0.0
336,0.0180984494134,0.865830111709,-0.0,-0.0,0.0406279363407,0.213333790064,0.00606840926158,-0.0,0.614482326321,-0.0
337,0.066858807732,-0.0,0.182207647745,0.440681871984,0.552995995753,0.00163913451772,-0.0,0.0536561933801,0.492243343909,-0.0
338,0.579143212209,0.104170750102,-0.0,-0.0,0.577098827914,-0.0,0.0667377070708,-0.0,0.638860084044,-0.0
339,-0.0,0.431746859115,-0.0,0.00993616579439,0.668449755423,0.118915111167,-0.0,-0.0,0.52844637496,1.41745761811e-30
340,0.0653791234173,-0.0,-0.0,-0.0,0.685228973417,0.11880730766,0.138198689739,1.01227457279,0.478845209048,-0.0
341,0.102427536128,0.161884292777,-0.0,-0.0,0.58608564056,0.0692683405817,0.163950888104,0.0163423653386,0.0541674668179,-0.0
342,0.459604716001,0.00966259251354,0.616708678756,-0.0,-0.0,-0.0,0.473973496897,0.674880893675,-0.0,-0.0
343,0.0290962357241,0.21195399524,0.0719917188723,0.181720791558,0.680315796083,-0.0,0.15434415655,-0.0,0.0667751006753,-0.0
344,-0.0,0.0236707635684,0.495630144192,0.288656200588,-0.0,-0.0,0.759758131658,-0.0,0.0750184874478,-0.0
345,0.648713587659,0.718682430055,-0.0,0.427349724199,-0.0,-0.0,-0.0,1.15104926865,0.0549003877461,7.49648481975e-28
346,0.519487796652,-0.0,0.137698484008,-0.0,-0.0,0.288809197693,-0.0,0.103242234831,0.558652835448,-0.0
347,-0.0,-0.0,-0.0,0.3041085602,0.585035944784,-0.0,0.498940523587,-0.0,-0.0,-0.0
348,0.470551402915,0.0243471696266,0.083589577255,-0.0,0.475782895675,0.177129713736,-0.0,0.0851638437535,-0.0,-0.0
349,-0.0,-0.0,-0.0,0.266163527411,0.575117602158,0.304413093311,0.307023079915,-0.0,0.423858300447,-0.0
350,0.0202683057569,0.173653460684,-0.0,0.377313201227,-0.0,0.154310139596,0.167869639519,0.000548256681282,0.054950914051,-0.0
351,-0.0,0.0195830260467,0.0903827122321,-0.0,0.0286414694308,0.152558304048,-0.0,0.524273585118,0.556632583007,1.04397883592e-27
352,0.0432577182744,0.259240794676,-0.0,-0.0,0.0105886041714,0.105217239163,0.213586266482,0.117166739852,0.0853599884588,2.89807960961e-29
353,0.612908216857,0.162694805974,-0.0,-0.0,0.165500068479,0.0609638256008,0.140823180156,0.00771712051066,0.101702587933,-0.0
354,0.0484389422461,0.288980325667,0.0826860195265,0.0860070610356,0.0074457765842,0.0885592230646,0.250207535549,0.0240852542862,0.164075509033,-0.0
355,0.0212223052739,-0.0,0.00348405972421,0.0275827795927,-0.0,0.0467919345628,0.0179850829873,0.186394415798,-0.0,1.15767456524e-28
356,0.0363227291912,0.771005064839,-0.0,0.328525974207,0.0386021742194,0.0564477343506,0.1641599463,0.0664012618788,0.0165853277559,-0.0
357,-0.0,0.451826915851,0.0499453273121,0.0169189041113,0.12431308874,0.0569400631485,-0.0,0.0329146033604,-0.0,-0.0
358,0.0408842336806,0.0657252838628,0.600431473094,-0.0,-0.0,-0.0,0.582542202893,-0.0,0.0223636130109,-0.0
359,-0.0,0.500215510837,0.479551599023,-0.0,0.610877859861,0.35973566082,-0.0,-0.0,0.376358202105,-0.0
360,0.0676162079124,-0.0,-0.0,0.112634466509,0.0322751072708,0.361705026067,-0.0,0.0215685153779,0.0146983800542,1.48515199713e-27
361,0.550259596147,-0.0,0.123179546984,-0.0,0.647741459994,0.346974157896,0.460313564494,0.438084318446,0.601889500748,-0.0
362,0.350161771882,0.711843499872,0.0108446952471,0.66536892604,0.826692951603,0.506274345577,-0.0,0.576682254597,-0.0,-0.0
363,0.0425801241947,0.58192577253,-0.0,0.280679899847,0.0306030230049,0.443732615928,0.113867416759,-0.0,0.0965277836861,-0.0
364,0.0166869449779,0.226388969148,0.0175626950138,-0.0,0.606493634271,0.416616373218,0.0941306022665,-0.0,0.030044299111,-0.0
365,-0.0,0.073267683988,-0.0,0.271270929435,-0.0,-0.0,0.562295579497,0.0200108601011,0.610732171565,-0.0
366,0.0992659557345,-0.0,-0.0,0.459578402714,0.00234904070108,0.82933269377,0.394436814119,0.303983937743,0.814398826071,-0.0
367,0.499468447324,0.0194649120439,-0.0,0.275052673951,0.587407438881,-0.0,0.599321062092,-0.0,-0.0,-0.0
368,0.483851509329,0.783919169171,0.726503505526,0.140615489827,0.113322321294,-0.0,0.0524463815115,0.289048497644,0.0466038432929,-0.0
369,0.0552271601317,0.090942106597,-0.0,0.782977415811,0.0119004744645,0.0754178880834,0.0458394466369,0.0684578650937,0.133421213085,-0.0
370,0.115365560995,0.213679753093,0.538004854375,0.0243827874237,0.054497046249,0.0460371076305,0.206370221122,-0.0,0.0505662313059,-0.0
371,0.0447459380839,0.186129371636,-0.0,0.0111494257668,-0.0,0.0403427743593,0.0921462797969,0.548683400402,0.0981290430961,-0.0
372,0.481542504681,0.282833029559,0.0684869850081,0.698730851543,-0.0,0.0312631685804,-0.0,0.154744303588,0.589453501674,-0.0
373,-0.0,-0.0,-0.0,0.712761238592,-0.0,0.226957527317,-0.0,-0.0,-0.0,-0.0
374,-0.0,-0.0,-0.0,-0.0,0.00472897748844,-0.0,-0.0,0.155765238327,0.659817943201,-0.0
375,-0.0,0.0825393813951,0.518684548952,0.288879099843,-0.0,0.0041210679138,0.520972683305,0.637937182924,-0.0,-0.0
376,0.443994459345,-0.0,0.400305866136,0.2814028128,-0.0,0.0664871126513,0.573023381862,0.425914966777,0.0163359020546,-0.0
377,0.00255156088668,0.0439235089884,-0.0,0.018632747428,0.00171893380314,0.0454877658184,-0.0,0.0461269110832,0.00779385519303,1.08879934536e-29
378,-0.0,-0.0,0.0379499477714,-0.0,0.190088803606,-0.0,0.0126605441239,0.146373190819,0.560519464249,-0.0
379,0.550547978562,0.644321221745,0.032720845633,0.28364655428,-0.0,0.381602855051,0.336021276128,-0.0,0.391751599209,-0.0
380,-0.0,0.148532547881,0.0234888081651,0.887966881048,0.000651035711096,-0.0,0.149102659285,0.054647624187,0.030713242142,-0.0
381,0.570722965711,0.164264391379,-0.0,0.291353402019,0.624570015621,0.0930854888908,0.146848848076,-0.0,0.0219618715151,-0.0
382,0.636071293626,0.00906618630519,-0.0,0.282107068687,0.671233724809,-0.0,0.394935505815,0.0445541665692,0.718092655875,1.27242987874e-27
383,0.541400276947,0.0328046180198,0.685462763201,-0.0,0.0573252815205,0.344410435919,0.675201088688,0.103265107148,-0.0,-0.0
384,0.512003715694,0.681385130025,0.589751471322,0.234914173908,0.62925319729,-0.0,-0.0,-0.0,0.577804166935,-0.0
385,-0.0,1.05255018398,0.122910085433,0.0808407461581,-0.0,0.090096175342,0.0157600946698,0.794157108734,0.0449394883444,-0.0
386,0.522589303407,0.00172353158122,0.137599766239,-0.0,0.560002154352,0.261091669036,-0.0,-0.0,-0.0,-0.0
387,0.556515857998,-0.0,0.437100911314,-0.0,0.651767720292,0.220283680921,0.564704357474,0.453338042011,0.0329355482362,-0.0
388,-0.0,0.0826422331338,0.107462840363,0.00677743289574,0.738631903228,0.225570625398,-0.0,0.0182139020899,-0.0,-0.0
389,-0.0,0.220465798544,0.10107507635,-0.0,-0.0,0.236569150643,0.600873717536,0.046228729297,-0.0,-0.0
390,0.503237739824,0.878357619188,0.0255396341007,-0.0,0.55436632682,0.0758329612693,-0.0,-0.0,-0.0,-0.0
391,0.0761300775612,0.0914470452609,-0.0,0.017641976712,0.301740384539,0.0188393034551,0.471252640366,0.747573650726,0.596207291332,1.581707256e-27
392,0.137640909194,0.356046603443,-0.0,0.0959974305517,0.584395655464,0.0297254091503,0.189005951179,0.0744452117736,0.0222110636233,1.30929610146e-27
393,0.00625318893234,0.937742000576,0.0905131297957,-0.0,0.0257104292201,0.210023958103,0.0410013584005,0.16868467655,0.103505732766,-0.0
394,-0.0,-0.0,-0.0,0.263914044472,0.568864920221,-0.0,-0.0,0.274602933726,0.373436455489,-0.0
395,-0.0,0.0773697398204,0.722898478732,-0.0,0.0724657737483,0.12382600396,0.634956699705,-0.0,0.0482278027317,1.12524572312e-29
396,0.0151580918428,0.390280198877,0.0743214993052,-0.0,0.0924112950834,0.178366167581,0.119732708344,0.684047364258,0.0145206477245,-0.0
397,-0.0,0.0555581047711,-0.0,0.296444056366,-0.0,-0.0,0.0452918877063,0.708966657578,0.736057831461,-0.0
398,-0.0,-0.0,-0.0,-0.0,-0.0,0.299142920098,0.369927182212,-0.0,0.347843890003,2.28618549459e-30
399,-0.0,-0.0,0.380961620873,0.054122498246,-0.0,0.322380667996,-0.0,0.591984221778,-0.0,-0.0
400,-0.0,-0.0,0.533184211655,-0.0,-0.0,-0.0,-0.0,0.438881404578,0.520023721503,-0.0
401,0.591388418681,0.281107905734,0.153987344726,-0.0,0.66585917713,0.286553496038,0.0804550094539,0.0872266952662,-0.0,-0.0
402,-0.0,-0.0,0.58385558019,-0.0,0.612655311717,0.00892602552326,0.352279358167,-0.0,-0.0,2.2726108509e-28
403,0.670345568,-0.0,-0.0,-0.0,-0.0,0.907692520972,0.522608930397,-0.0,0.551559795738,-0.0
404,-0.0,-0.0,-0.0,0.0156791750376,0.580171625903,-0.0,0.364196919015,0.428087925942,-0.0,1.48895679527e-27
405,0.557319905516,0.145547156645,-0.0,0.293834654828,0.212985907307,-0.0,0.154922709792,-0.0,0.0578603732647,-0.0
406,0.0266422276748,0.114858928645,-0.0,0.742278078252,0.000631522261289,-0.0,0.19356100706,-0.0,0.713499309324,-0.0
407,0.54063762815,0.693563502893,-0.0,0.319660826376,0.065987339894,0.142950508539,0.17159768194,0.702478312979,0.463831479309,-0.0
408,-0.0,0.410223285428,0.556414813321,-0.0,-0.0,0.196194390141,-0.0,-0.0,0.529428730807,-0.0
409,-0.0,-0.0,0.0679035264669,0.102852355466,0.0776952470384,0.0725023288219,0.00398557352148,0.0523347832474,-0.0,-0.0
410,0.584118252166,0.863015031304,-0.0,0.352504322716,-0.0,-0.0,-0.0,0.863448519076,0.567655214989,8.47542420749e-28
411,0.0321998069131,0.106523406642,0.0216269101717,0.0989550574479,0.0200261994219,-0.0,0.668763993203,0.0700266239807,0.00739207731922,-0.0
412,-0.0,0.64861433502,0.300146320986,0.315503673307,0.634511792693,0.708127496861,0.0579691214167,-0.0,0.0749833885268,-0.0
413,0.017473091699,0.0501901332761,0.0107823510522,-0.0,0.0232622148823,0.128764368595,-0.0,0.193415049811,0.0443110644712,1.05110633039e-28
414,-0.0,0.504530425491,-0.0,0.356792835071,0.699552624876,-0.0,0.151060085055,0.578544612358,0.607491735243,-0.0
415,0.0180075783535,0.123531729899,0.961733473203,0.696719260251,0.735091065185,-0.0,0.621798854405,0.715836929711,0.0339767554451,1.15373462071e-27
416,0.544224224961,-0.0,0.577922009168,0.0907039669124,0.585447410279,0.285672911809,-0.0,0.103062036957,-0.0,1.56371630222e-27
417,0.499481409463,-0.0,0.830241233792,-0.0,0.733897157873,0.164391149935,-0.0,0.20531740429,0.0345797628771,-0.0
418,-0.0,-0.0,0.765502439771,-0.0,0.190408740644,-0.0,-0.0,-0.0,0.703942646513,1.71212409698e-29
419,0.0564975107338,0.142243211494,-0.0,-0.0,0.661119405313,0.108931693661,0.628057030363,-0.0,0.0448222139983,1.70400533164e-28
420,0.0361273391709,0.152756248477,-0.0,-0.0,0.0576839065732,-0.0,0.0922706296601,0.0130414377672,0.602586262167,-0.0
421,0.420044908453,0.79617021196,0.698189652086,0.847510388904,0.605737110641,0.239722129342,-0.0,-0.0,0.55750858766,-0.0
422,-0.0,0.063263802702,0.0302978036082,0.402720035435,0.598677917904,-0.0,0.699886710642,0.486178764022,-0.0,-0.0
