,0,1,2,3,4,5,6,7,8,9
0,0.0,0.0,0.0,0.0,0.0,0.0,0.0,0.0,0.0,0.165743190658
1,0.0,0.0,0.162073354554,0.0316897801101,0.104865304026,0.53212510812,0.0807360684098,0.0,0.244517832024,0.0
2,0.0,0.0,0.0277429833475,0.0153430527655,8.57207673679e-05,0.0400392329919,0.0,0.0138675054604,0.0,0.0
3,0.0166720833685,0.0,0.0,0.0,0.0432677744195,0.0,0.0,0.0,0.0619646589374,1.26020551387e-28
4,0.00187035621958,0.0,0.00596161827372,0.0141992760891,0.0,0.0339178506436,0.0,0.0,0.0,0.0
5,0.0,0.0,0.0,0.0,0.0,0.0,0.0,0.0,0.0,0.331486381315
6,0.0,0.0,0.0,0.0,0.0,0.0,0.0,0.0,0.0,0.0
7,0.0,0.0,0.0,0.0,0.0,0.0,0.0,0.0,0.0,0.66297276263
8,0.0,0.0,0.0,0.121118521951,0.0,0.00858580558692,0.0551756481776,0.0,0.156746066987,0.0
9,0.115883596961,0.0,0.379376926903,0.472447622573,0.00452445440661,0.221080630427,0.0330964249161,0.0166548540358,0.183069997239,0.0
10,0.0,0.037233508437,0.0,0.0648388901958,0.0,0.0,0.0,0.0152039762851,0.0750229062333,1.54312251479e-28
11,0.0,0.262625382457,0.0,0.0,0.0,0.00783830156276,0.067646229391,0.0182406150639,0.0,0.0
12,0.0,0.103443476786,0.0728750212341,0.0,0.0,0.157401661876,0.110169868841,0.139315349316,0.0,0.0
13,0.0,0.0320546864793,0.0,0.236470556969,0.0,0.203537192217,0.0555309764235,0.0,0.124949534696,2.87660144741e-29
14,0.513836720558,0.0,0.0,0.0,0.0,0.0,0.0,0.0,0.251988856802,3.79609782063e-28
15,0.0,0.0525136205003,0.0,0.0,0.0366257676154,0.0,0.0,0.0,0.0,0.0
16,0.267209018692,0.0,0.0,0.168420538437,0.0,0.192220584011,0.0,0.0,0.361960829585,2.12284279964e-29
17,0.0,0.0214985963385,0.0,0.0386702201622,0.138881715116,0.0168293115561,0.0,0.0,0.00296666452865,0.0
18,0.324841916459,0.0476502463772,0.0696850560174,0.201132414598,0.0,0.0805495689437,0.0,0.169432931663,0.0221540432379,2.4644031969e-28
19,0.0,0.0,0.0,0.0,0.0,0.0,0.0,0.0,0.0,0.0
20,0.0,0.0,0.0,0.0,0.0,0.0,0.0,0.0,0.0,0.497229571973
21,0.0,0.0,0.0,0.0,0.0,0.0,0.0,0.0,0.0,0.66297276263
22,0.0,0.0,0.0,0.0,0.0,0.0,0.0,0.0,0.0,0.0
23,0.0,0.0,0.0,0.0,0.0,0.0,0.0,0.0,0.0,0.66297276263
24,0.248021349154,0.0,0.0,0.369090485,0.0,0.0,0.0899968586012,0.459251965934,0.00956709771728,3.7814899463e-28
25,0.0,0.0,0.0,0.0,0.0,0.0,0.0,0.0,0.0,0.0
26,0.0,0.0,0.0,0.0,0.0,0.0,0.0,0.0,0.0,0.331486381315
27,0.0,0.0627635388604,0.0,0.0,1.5131767209,0.0,0.25243683323,0.0,0.0,0.0
28,0.0,0.567340890001,0.0,0.0916840227621,0.0,0.0,0.978832944459,0.0,0.451619998939,0.0
29,0.0,0.0,0.0744481784423,0.367023766722,0.0,0.0,0.0,0.0640388716255,0.211282882847,0.0
30,0.0,0.0,0.0,0.0,0.0,0.0,0.0,0.0,0.0,0.0
31,0.0,0.0428139616433,0.0,0.0221530504689,0.0355003891325,0.0,0.0,0.033627672041,0.0,0.0
32,0.0,0.0507408926896,0.0,0.0,0.0,0.0,0.0,0.0369124352572,0.0328118422926,2.91392502274e-29
33,0.0,0.192528962959,0.101804146963,0.270075145822,0.0195665239032,0.841085782875,0.0,0.0,0.153266177535,0.0
34,0.0,0.0864232462878,0.0,0.640118215478,0.0515333554888,0.0,0.0,1.37136328933,0.0,0.0
35,0.0,0.0,0.0,0.0,0.0,0.0,0.0,0.0,0.0,0.331486381315
36,0.0,0.0,0.0,0.0,0.0,0.0,0.0,0.0,0.0,0.0
37,0.0356561426366,0.050897842041,0.0,0.0,0.0,0.0,0.0,0.0,0.0,0.0
38,0.0,0.0,0.0,0.0,0.0,0.0,0.0,0.0,0.0,0.165743190658
39,0.0,0.0,0.19648539258,0.609130016863,0.0727459967164,0.0,0.200347994213,0.683550193344,0.217447604058,0.0
40,0.0,0.0,0.0,0.149789133707,0.089290172075,0.0,0.0,0.0593627943945,0.0126619976802,3.72274996515e-29
41,0.0434003925232,0.00630989167887,0.0199582302421,0.0,0.0,0.0,0.00202389908939,0.0,0.0,0.0
42,0.0,0.0269921217055,0.0453109509108,0.0,0.0,0.167156605826,0.0,0.0,0.0,0.0
43,0.0274929018562,0.0,0.0,0.559006275111,0.0253015927856,0.0,0.0,0.0,0.221587855511,0.0
44,0.0,0.0,0.0,0.0,0.0,0.0,0.0,0.0,0.0,0.66297276263
45,0.0,0.0380267916368,0.0472676591678,0.0,0.0,0.0,0.0,0.0,0.0431073633218,0.0
46,0.0,0.0421662298647,0.0,0.0,0.0,0.0,0.0,0.0,0.039048140239,0.0
47,0.126485803628,0.13877781691,0.358069107176,0.0,0.0975050419196,0.0,0.136379155696,0.238011502686,0.0,1.33953358055e-28
48,0.0,0.0,0.0,0.0,0.0,0.0,0.0,0.0,8.06625061518,0.0
49,0.0,0.0,0.0,0.0,0.0,0.0,0.0,0.0,0.0,0.66297276263
50,0.0715580270773,0.0730730792837,0.0,0.116482747394,0.0,0.054245848727,0.114179625382,0.0792924638621,0.0300611375746,2.2134513012e-28
51,0.185146632963,0.0,0.0,0.0,0.0,0.243410354766,0.269093432165,0.153317199177,0.0,0.0
52,0.0,0.0,0.0552345231085,0.0,0.0,0.0,0.0219126412639,0.0,0.0,0.0
53,0.0,0.0,0.0,0.0,0.0,0.0,0.0,0.0,0.0,0.66297276263
54,0.0,0.0,0.0,0.0,0.0,0.0,0.0,0.0,0.0,0.0
55,0.0,0.0,0.0,0.0,0.0,0.0,0.0,0.0,0.0,0.331486381315
56,0.0681166395875,0.0,0.0,0.0,0.0,0.0,0.0,0.0373595284743,0.155966737746,0.0
57,0.0,0.0,0.00113186181815,0.0,0.0506678654627,0.0386932689869,0.105348449125,0.0356767670466,0.0,1.09687389755e-28
58,0.302229571629,0.0,0.0,0.427950318782,0.448252294128,1.22742397604,0.0,0.0,0.0,0.0
59,0.0,0.0,0.0,0.0,0.0,0.0,8.54316800757,0.0,0.0,0.0
60,0.128370241604,0.0,0.0,0.0,0.0,0.34779427793,0.0,0.432304673326,0.0,0.0
61,0.0566564076664,0.0147660465469,0.0,0.0,0.0,0.0,0.0,0.0,0.0,1.42746890076e-28
62,0.200058316822,0.0,0.0986474088828,0.0,0.0,0.497598249668,0.0,0.257858974011,0.650655546448,0.0
63,0.0,0.0121331780606,0.0,0.0,0.0,0.0,0.0,0.0445543003988,0.0146908703843,0.0
64,0.0373588500286,0.0,0.0,0.019835126344,0.0,0.0,0.0,0.0,0.0,0.0
65,0.0,0.0430171524996,0.0,0.0854961019381,0.0,0.0,0.0,0.0,0.207802642315,0.0
66,1.1270907977,0.847158500042,0.0,1.42584294917,0.0,0.0,0.0,0.820776537742,0.0,8.6856666319e-27
67,0.0141740467808,0.0333354518308,0.0,0.0,0.0,0.0,0.0,0.0379701996264,0.0144241364886,0.0
68,0.0,0.0,0.0,0.0522054141787,0.0412080179064,0.0,0.0,0.0,0.154276724872,0.0
69,0.0,0.0,0.0,0.0,0.0,0.0,0.0,0.0,0.0,0.497229571973
70,0.0,0.0,0.0,0.0,0.0,0.0,0.0,0.0,0.0,0.0
71,0.0,0.00672946065607,0.0,0.0,0.0,0.0180382948691,0.0,0.0,0.0,0.0
72,0.0,0.0502144517217,0.0693597832525,0.116386033491,0.0,0.160517227028,0.0332931541037,0.248162043626,0.0,0.0
73,0.000867594700746,0.0463540348166,0.0,0.0,0.0,0.0,0.0,0.0160780608918,0.0375306228597,0.0
74,0.103084055206,0.209374630366,0.0,0.0,0.0,0.0197064837294,0.0,0.132549675155,0.0611352754057,0.0
75,0.0462069252815,0.0,0.0270424611724,0.0,0.0,0.0690378161803,0.017023557603,0.195031545529,0.0,0.0
76,0.0,0.0,0.00663612311458,0.0570770517947,0.0,0.0188126736776,0.0196996269259,0.0210138843996,0.0,7.23090963071e-29
77,0.0,0.0,0.0,0.0103989738622,0.0,0.0,0.0,0.0581860845783,0.00690924651727,0.0
78,0.0338516643534,0.0,0.0,0.0,0.0266496573513,0.0,0.0,0.0,0.0,0.0
79,0.0,0.11812223964,0.264538535385,0.0859846850251,0.0,0.505930485912,0.0,0.152534992512,0.0,4.38290347862e-29
80,0.0,0.0,0.200588870693,0.0,0.0,0.0,0.0,0.0145389111703,0.00989064269581,0.0
81,0.0,0.0,0.0,0.0,0.0,0.0,0.0,0.0,0.0,0.0
82,0.0,0.0,0.0,0.0,0.0,0.0,0.0,0.0,0.0,0.0
83,0.0,0.10962051866,0.0351520560888,0.0,0.0,0.0,0.0,0.00721747217387,0.09650906526,0.0
84,0.0,0.0,0.0,0.0,0.0,0.0,0.0,0.0,0.0,0.0
85,0.0,0.0,0.0339151887075,0.0,0.0217445370819,0.0,0.0401096217639,0.0,0.0,0.0
86,0.0,0.0,0.0,0.0,0.0,0.0,0.0,0.0,0.0,0.331486381315
87,0.0,0.0,0.0,0.0,0.0,0.0,0.0,0.0,0.0,0.165743190658
88,0.0,0.234391575891,0.0,0.0478765175475,0.0,0.0,0.0,0.00756511940931,0.285126557549,0.0
89,0.0,0.0,0.0,0.0,0.0,0.0,0.0,0.0,0.0,0.66297276263
90,0.0,0.0,0.0,0.0,0.0,0.0,0.0,0.0,0.0,0.66297276263
91,0.0,0.0,0.0,0.0,0.0,0.0,0.0,0.0,0.0,0.66297276263
92,0.0,0.263397761397,0.0,0.127474869893,0.0,0.066325930547,0.0,0.111478532358,0.133805585217,0.0
93,0.0,0.179069752034,0.0,0.0646188439674,0.0475503855186,0.0,0.0,0.0,0.0,0.0
94,0.0,6.06313921083,0.0,0.0,0.0,0.0,0.0,0.0,0.0,0.0
95,0.0,0.0,0.0,0.0,0.0,0.114733244727,0.0,0.0963019020769,0.0,0.0
96,0.0,0.0,0.0,0.0,0.0,0.0,0.0,0.0,0.0,0.0
97,0.0,0.0,0.0,0.0,0.0,0.0,0.0,0.0,0.0,0.0
98,0.22047004447,0.0,0.0,0.0,0.0,0.234737670959,0.0,0.0,0.0682928663866,9.94167976093e-29
99,0.0,0.0,0.0,0.0,0.0,0.0,0.0,0.0,0.0,0.0
100,0.0,0.0,0.0,0.0,0.0,0.0,0.0,0.0,0.0,0.66297276263
101,0.0307124533817,0.184382735564,0.0,0.107300053657,0.0492366875238,0.0,0.122899651022,0.693434501018,0.0,4.49520241857e-28
102,0.0,0.0,0.0,0.0,0.0,0.0,0.0,0.0,0.0,0.66297276263
103,0.0,0.0,0.0345167698935,0.0,0.0,0.0,0.0,0.176490736604,0.0,1.3748554083e-29
104,0.0110556034022,0.0129942954119,0.00386397546823,0.0,0.0,0.0,0.0,0.0398404159374,0.0340348058347,4.33380450059e-29
105,0.0,0.0,0.0,0.0,0.0,0.0,0.0,0.0,0.0,0.66297276263
106,0.0,0.0,0.0,0.0,0.0,0.0,0.0,0.0,0.0,0.0
107,0.0,0.0,0.0,0.0,0.0,0.0,0.0,0.0,0.0,0.0
108,0.0,0.0,0.0,0.0,0.0,0.0,0.0,0.0,0.0,0.497229571973
109,0.0,0.0,0.0,0.0,0.0,0.17392123041,0.0508793412479,0.0,0.00217959784123,1.37504338998e-28
110,0.241749965979,0.0,0.125976737538,0.0,0.122701253945,0.0,0.0870377022564,0.215913366019,0.344785095459,0.0
111,0.0,0.0,0.0,0.0,0.0,0.13093234223,0.0,0.0,0.0358624239812,1.65193583733e-29
112,0.0,0.0,0.0,0.0,0.0,0.0,0.0,0.0,0.0,0.0
113,0.0258182107009,0.028593495287,0.186418378733,0.0,0.0245608363902,0.0,0.0,0.0,0.0,0.0
114,0.0,0.0,0.0,0.0,0.0,0.0,0.0935447506304,0.0,0.0,0.0
115,0.0,0.0,0.0,0.0,0.0,0.0715777820034,0.0,0.1119892207,0.0,7.29978416574e-29
116,0.0,0.0,0.0,0.0,0.0,0.0,0.0,0.0,0.0,0.0
117,0.0,0.0,0.0,0.0,0.0,0.0,0.0,0.0,0.0,0.331486381315
118,0.156361272202,0.0,0.0135755499846,0.0,0.146695645456,0.0,0.0,0.0,0.0,3.29200564879e-30
119,0.0,0.0153693119751,0.0,0.0251437090537,0.109122881115,0.0,0.0,0.0,0.0,0.0
120,0.0,0.178141875624,0.0,0.0,0.0,0.0,0.0,0.0252866925862,0.0,0.0
121,0.0,0.0426471550018,0.0286186556421,0.0,0.0,0.0,0.0,0.0,0.0,0.0
122,0.0,0.0,0.0,0.0,0.0,0.0,0.0,0.0,0.0,0.66297276263
123,0.0,0.0105373585179,0.0432270963263,0.0,0.0294922412818,0.0,0.0,0.148181458712,0.0,3.35043910904e-28
124,0.0,0.0,0.179581521078,0.024191299218,0.0,0.0,0.0682762506443,0.0,0.0310701611312,3.16823595981e-29
125,0.0,0.0,0.0,0.335043009799,0.0,3.05936009709,0.251979404458,0.350471269663,0.0,4.37784629114e-28
126,0.0,0.0,0.280789186077,0.0,0.0,0.201702869116,0.236843611355,0.151234316068,0.263635101935,3.58186981706e-28
127,0.0,0.0,0.0,0.0,0.0,0.0119017920807,0.0,0.0,0.0130604640214,0.0
128,0.0295436528785,0.0,0.0,0.0,0.00591313338923,0.0,0.0267514316079,0.00438562435484,0.0588040776242,9.06509486783e-29
129,0.0,0.0,0.0,0.0,0.0,0.0,0.0,0.0,0.0,0.0
130,0.0,0.0466174020873,0.0,0.0,0.0,0.0,0.0,0.0763316300669,0.0,0.0
131,0.0612965047341,0.0,0.0393300832126,0.0839552718431,0.0,0.0,0.0,0.0,0.0,0.0
132,0.0126430429423,0.113590644136,0.100116350581,0.0,0.192942383438,0.0,0.109306678667,0.0232926852801,0.0,0.0
133,0.0,0.0,0.0,0.0,0.0,0.0,0.0,0.0,0.0,0.66297276263
134,0.0107331594497,0.0101579266067,0.0100009833253,0.0,0.00893997777286,0.0,0.0,0.0,0.0246298524006,5.981376913e-29
135,0.0,0.0,0.0,0.0,0.0,0.0,0.0,0.0,0.0,0.66297276263
136,0.0,0.0,0.0,0.0,0.0,0.0,0.0,0.0,0.0,0.0
137,0.0,0.034692044381,0.024574085612,0.0,0.0,0.060972698518,0.0,0.0,0.0455657049562,9.29842261735e-29
138,0.0,0.0,0.0,0.0,0.0,0.0601673862351,0.0,0.0,0.0620279314654,0.0
139,0.0,0.058703112885,0.0,0.0899027699409,0.125074434783,0.705269439584,0.0,0.56358447351,0.173878255254,2.73828876821e-28
140,0.0,0.298235913912,0.0541823846956,0.171543063555,0.0733260603939,0.0603290526977,0.0,0.502312252204,0.0,0.0
141,0.0,0.0,0.0,0.0,0.0,0.0675996644026,0.0,0.0,0.0716204213813,0.0
142,0.0,0.0,0.0,0.0,0.0,0.0,0.0,0.0,0.0,0.497229571973
143,0.0,0.020333527611,0.475066661948,0.13620235744,0.0,0.619930897972,0.0,0.0,0.0,0.0
144,0.853371254203,0.0,0.0,0.494412462522,0.0,2.05265757021,0.0,0.0,0.862015314474,0.0
145,0.0,0.0750927899479,0.133517412126,0.089209168993,0.0,0.187721894382,0.0,0.0665054288526,0.0,0.0
146,0.0,0.0,0.0,0.0,0.0,0.0,0.0,0.0,0.0,0.497229571973
147,0.0,0.0,0.0,0.0,0.0462234543422,0.167993744248,0.0,0.151237659407,0.0343384042678,3.34390399945e-29
148,0.0,0.169416827031,0.198979860445,0.537767951729,0.247612597248,0.0,0.475609411267,0.0302019203031,0.0576548992637,0.0
149,0.00488431526889,0.0,0.0,0.0,0.0,0.0,0.0,0.0197581043272,0.131713131953,1.17795961057e-28
150,0.0,0.0,0.0442846442145,0.0,0.0,0.0528057397273,0.00501135160167,0.0,0.0,0.0
151,0.0,0.0,0.0814545440055,0.0353847218335,0.117586489975,0.0170520498312,0.181159387914,0.0,0.0,0.0
152,0.0,0.0,0.0885107547427,0.0,0.048182207645,0.0,0.0,0.0,0.0204059451264,0.0
153,0.0,0.0,0.0,0.0,0.295080641394,0.497026393368,0.255287380139,0.0,0.760875286719,6.41100906155e-30
154,0.0,0.0,0.0308609706822,0.0309159826949,0.0,0.0,0.0137693029201,0.0,0.0,0.0
155,0.0,0.0,0.0,0.0,0.0,1.21256817262,0.0,0.0,0.013586218933,0.0
156,0.0,0.0,0.0,0.0,0.0,0.0,0.0,0.0693277728407,0.00773010179859,7.57117703906e-29
157,0.0,0.0,0.0,0.0,0.0,0.0,0.0,0.0,0.0,0.0
158,0.0,0.0,0.0579110262655,0.0,0.0195595663077,0.0,0.0,0.0,0.0171420800643,1.01568342972e-28
159,0.0,0.0,0.0,0.0,0.0,0.0,0.0,0.0,0.0,0.165743190658
160,1.47289350643,0.0,0.107633859948,0.0,0.102548723516,1.46733074956,0.0,1.09120923616,0.0,0.0
161,0.0,0.000708895963874,0.0,0.0,0.0548829958844,0.111967617449,0.0,0.0,0.0,5.627068849e-29
162,0.0,0.0,0.114956527477,0.0,0.0346133919611,0.00621729749085,0.0,0.0,0.0,9.21035287832e-29
163,0.0,0.00526618362058,0.403082790636,0.0,0.346636077254,0.0,0.0473793322561,0.0155174593569,0.021123419877,1.34693713924e-28
164,0.0,0.0433129846178,0.0,0.0,0.0766576737252,0.0,0.0,0.0493024797283,0.0114103300384,0.0
165,0.0,0.0,0.0,0.0,0.0,0.0,0.0,0.0,0.0,0.0
166,0.0,0.0150553167043,0.0,0.0,0.0,0.0774181530389,0.0,0.0,0.0,0.0
167,0.0,0.0,0.0801693673875,0.0264997418784,0.0,0.0,0.0287863382963,0.0356404579137,0.0491191136215,0.0
168,0.0,0.0,0.0,0.0,0.0,0.0,0.0,0.0,0.0,0.0
169,0.0395469280433,0.218579129659,0.0240599213529,0.0,0.0610875315426,0.27477716398,0.0,0.0420517152538,0.182414398642,0.0
170,0.0,0.0,0.0,0.0,0.0,0.0,0.0,0.0,0.0,0.497229571973
171,0.0,0.0,0.0,0.0,0.0,0.0,0.0,0.0,0.0,0.0
172,0.068388813238,0.0,0.0,0.0683290710687,0.0880744410209,0.0,0.0,0.0,0.0,1.08383717514e-29
173,0.0,0.0,0.0,0.319630869668,0.0,0.0655656674048,0.0,0.0,0.0825189127992,0.0
174,0.0691283617112,0.0265973784876,0.0903403683786,0.0441230631382,0.0,0.0,0.00204794746187,0.00496223086546,0.0371083419555,3.61867491925e-29
175,0.0,0.0,0.0,0.0,0.0268965275548,0.0584364339671,0.0398778584406,0.0238180110098,0.0,0.0
176,0.0,0.0,0.014678380214,0.104545513407,0.0,0.0,0.0437187073291,0.0,0.0,0.0
177,0.0,0.00218345520132,0.146806492831,0.0,0.0,0.0368906312513,0.0,0.0,0.0368699099623,1.32910879731e-29
178,0.0,0.0,0.0,0.0,0.0,0.0,0.0,0.0,0.0,0.66297276263
179,0.0,0.0,0.0,0.0,0.0,0.0,0.0,0.0,0.0,0.0
180,0.0,0.0,0.0,0.0,0.0,0.0,0.0,0.0,0.0,0.497229571973
181,0.0,0.0,0.0,0.0,0.0,0.0,0.0,6.43848444289,0.0,0.0
182,0.0,0.0,0.0,0.0257616941062,0.0,0.000272475810846,0.0,0.0197519826845,0.0,0.0
183,0.0,0.00305256558827,0.0,0.0,0.0,0.0,0.0,0.0,0.0,5.87121801369e-30
184,0.299763094433,0.141919808384,0.161725684207,0.0,0.0,0.407803199059,0.0499658805213,0.0,0.0195711338834,0.0
185,0.0,0.111436971459,0.00621347297046,0.0,0.0,0.0,0.000156329644064,0.0338591064938,0.0,0.0
186,0.0,0.0,0.00395580850205,0.0,0.0,0.126890740688,0.0,0.0,0.0,0.0
187,0.0,0.0,0.0,0.0,0.0,0.0,0.0,0.0,0.0,0.497229571973
188,8.84627325523,0.0,0.0,0.0,0.0,0.0,0.0,0.0,0.0,0.0
189,0.0,0.0,0.0,0.0,0.0,0.0,0.0,0.0,0.0,0.0
190,0.0,0.0425535713833,0.0,0.0,0.0121410012827,0.0482152618552,0.0,0.0,0.0,4.3879309629e-29
191,0.0,0.0,0.0855481677944,0.164850683804,0.0,0.0,0.0688544876868,0.0105556992883,0.0,4.34957688639e-28
192,0.0285606523396,0.0154848742072,0.0642629432769,0.0,0.0,0.0433688526556,0.0,0.0,0.0814297552152,0.0
193,0.0,0.0,0.0,0.0,0.0,0.0,0.0,0.0,0.0,0.0
194,0.0,0.0,0.0,0.130667723454,0.0,0.243194756114,0.0,0.149751430768,0.0,1.40499949289e-28
195,0.0,0.0,0.0,0.0,0.0,0.0,0.0,0.0,0.0,0.0
196,0.0,0.0,0.0,0.0,0.0,0.0,0.0,0.0,0.0,0.66297276263
197,0.0,0.0,0.0138704429658,0.0,0.342361284316,0.0,0.0,0.0,0.0,0.0
198,0.0,0.0,0.0,0.221831428077,0.0,0.230942571543,0.0,0.153483666401,0.385328093639,9.70402909914e-29
199,0.0,0.0,0.0,0.0,0.0,0.0,0.967752623316,0.17773546403,0.396035475414,1.13353431042e-28
200,0.0,0.0468216690001,0.0,0.0462388634369,0.0,0.28874644771,0.0,0.00722453006707,0.0,0.0
201,0.0,0.0,0.0,0.0,0.0,0.0,0.0,0.0,0.0,0.66297276263
202,0.0,0.0,0.0,0.0,0.0,0.0,0.0,0.0,0.0,0.497229571973
203,0.0347318262109,0.0,0.0,0.0,0.0,0.0,0.0,0.0141970623565,0.0396052724548,1.07060731293e-28
204,0.0,0.0235061924341,0.0312011562499,0.039250852058,0.0,0.0825680785433,0.0,0.0,0.0285316999468,0.0
205,0.0,0.0,0.0,0.0,0.0,0.0,0.0,0.0,0.0,0.66297276263
206,0.0369985739977,0.487204131199,0.0,0.0,0.0,0.437500566131,0.0,0.465562570491,0.0,3.911244414e-28
207,0.0,0.0,0.113925651169,0.0,0.0,0.0,0.0,0.0,0.0447810911694,0.0
208,0.0,0.0,0.0,0.0,0.0,0.0,0.0,0.0,0.0,0.66297276263
209,0.0,0.0,0.0155195771871,0.0609261818273,0.0144244143997,0.0,0.0127173205361,0.0217239362196,0.023644809051,7.92589178505e-29
210,0.0615185409222,0.0,0.0369684717847,0.0,0.0,0.0,0.138656279857,0.0546678265149,0.0,4.08630052398e-29
211,0.0,0.0,0.0,0.0,0.0,0.0,0.0,0.0,0.0,0.0
212,0.0,0.0,0.0,0.0,0.0,0.107481431171,0.0705231710864,0.205017956898,0.367115139374,0.0
213,0.0,0.0,0.0,0.47185717935,0.0,0.0,0.0,0.0987892872037,0.0,0.0
214,0.0,0.0,0.0,0.0,0.0,0.0,0.0,0.0,0.0,0.0
215,0.0767291216249,0.0,0.0785490565823,0.0606434301997,0.0198401142969,0.335616000736,0.0,0.0,0.162857860915,0.0
216,0.0,0.0,0.0,0.0,0.000764516622881,0.469379498968,0.0,0.149085376206,0.058296179351,0.0
217,0.172902736481,0.778907222216,0.315675247802,0.552915340004,0.0,0.0,0.0,0.231236378581,0.133578125604,2.51895072452e-28
218,0.0,0.0,0.0,0.0,0.0,0.0,0.0,0.0,0.0,0.66297276263
219,0.0,0.0,0.0,0.0,0.0,0.0,0.0,0.0,0.0,0.0
220,0.0,0.0,0.0,0.0,0.0,0.0,0.0,0.0,0.0,0.0
221,0.0,0.0,0.0,0.0,0.0,0.0,0.0,0.0,0.0,0.66297276263
222,0.0,0.0174339851583,0.0851685590082,0.0,0.0,0.0141665631383,0.0,0.0500943659299,0.145279132359,0.0
223,0.0,0.0,0.0739167914832,0.0110614987683,0.0,0.0,0.0,0.0,0.0955289753084,8.55890741741e-29
224,0.0,0.0,0.0,0.0,0.0,0.0,0.0,0.0,0.0,0.497229571973
225,0.0896307953895,0.0,0.198796670975,0.0,0.031838110902,0.150512970124,0.0,0.0,0.468607257946,1.52351985425e-28
226,0.0,0.0,0.0,0.0,0.0,0.0,0.0,0.0,0.0,0.66297276263
227,0.0,0.0,0.0,0.0,0.0,0.0,0.0,0.0,0.0,0.66297276263
228,0.0,0.0,0.0611753248211,0.0,0.0,0.0,0.0,0.0,0.059001924696,0.0
229,0.0,0.0293177580289,0.0481271994368,0.0,0.0,0.0296580275675,0.0,0.0108611819774,0.0,0.0
230,0.0,0.0,0.0,0.0,0.0,0.0,0.0,0.0,0.0,0.66297276263
231,0.0,0.0536488372088,0.0,0.0,0.0,0.13798089391,0.0,0.00555271989611,0.0673097709739,6.73938994424e-29
232,0.01752681351,0.0,0.0212610677421,0.0,0.0038047530781,0.0,0.0,0.0,0.0543216899458,0.0
233,0.0,0.0753362169459,0.0,0.560159978781,0.523954413119,0.0,0.0379611769822,0.649377805044,0.0726870484743,0.0
234,0.011601250368,0.0,0.0394078174438,0.0,0.0,0.0,0.0,0.0,0.0495969956032,0.0
235,0.0,0.0,0.0,0.0,0.0,0.0,0.0,0.0,0.0,0.66297276263
236,0.0,0.0,0.0,0.0,0.0,0.0,0.0,0.0,0.0,0.497229571973
237,0.0,0.0,0.0,0.0,0.0,0.0,0.0,0.0,0.0,0.0
238,0.0,0.0,0.0716051806512,0.202439141806,0.0,0.0,0.0,0.0,0.109598609773,0.0
239,0.0155663865836,0.0,0.0,0.0269055160737,0.0,0.0,0.0134059231484,0.0,0.0320453538249,7.88782731384e-29
240,0.0,0.194148511482,0.0,0.0,0.0,0.0,0.0,0.0212149575226,0.0105669246267,7.17303400424e-29
241,0.0899117970302,0.0,0.0,0.0,0.0,0.114436501337,0.106086766598,0.0,0.101281041871,0.0
242,0.0,0.0,0.0,0.0,0.0,0.0,0.0,0.0,0.0,0.0
243,0.0,0.0,0.0,0.0,0.0,0.0,0.0,0.0,0.0,0.0
244,0.0,0.0,0.0,0.0,0.0,0.0,0.0,0.0,0.0,0.0
245,0.0,0.0,0.0,0.0,0.0,0.0,0.0,0.0,0.0,0.0
246,0.0,0.0659234332273,0.0,0.525115111619,0.850183386465,0.683997218742,0.0,0.0,0.0,1.50277884745e-28
247,0.0,0.0,0.393047286204,0.376777004437,0.150741989889,0.0,0.0,0.0,0.0,1.30924868211e-28
248,0.0601608037984,0.375827847813,0.0185420031015,0.0,0.141154322355,0.0,0.0,0.22065705095,0.209251783065,0.0
249,0.0,0.0,0.0126317190765,0.0362065256306,0.0,0.0,0.00725451327175,0.0,0.0388989879512,0.0
250,0.0,0.0,0.0,0.0,0.0,0.0,0.0,0.0,0.0,0.0
251,0.0,0.0,0.0,0.0,0.0,0.0,0.0,0.0,0.0,0.497229571973
252,0.0123191366686,0.0,0.0159346605917,0.0,0.0947735395019,0.0633313604877,0.0,0.240547859602,0.00487898811937,0.0
253,0.0,0.0454782292759,0.232533511343,0.0,0.0,0.36663803203,0.0,0.0,0.153104060865,0.0
254,0.0,0.0,0.0,0.0,0.0,0.0,0.0,0.0,0.0,0.497229571973
255,0.0,0.0,0.0,0.0,0.0,0.0,0.0,0.0,0.0,0.66297276263
256,0.0,0.0,0.0,0.0,0.0,0.0,0.0,0.0,0.0,0.0
257,0.0,0.0,0.0,0.0,0.0,0.0,0.0,0.0,0.0,0.331486381315
258,0.0,0.133956037385,0.446761097471,0.185639978908,0.312387983862,0.377980888039,0.0,0.112397356149,0.14262826713,0.0
259,0.0,0.0,0.0,0.0,0.0,0.0,0.0,0.0,0.0,0.0
260,0.0,0.0288097971926,0.0,0.0,0.00115353931315,0.0,0.0,0.103261767216,0.0225245462218,0.0
261,0.0,0.0,0.234244616443,7.371582188e-05,0.0,0.410924740102,0.0,0.0,0.0,0.0
262,0.154031949683,0.238224144157,0.0,0.0689460522532,0.151237069809,0.0338586582321,0.0226396014329,0.0,0.0,5.55923700896e-28
263,0.0,0.0,0.0,0.0,0.0,0.0,0.0,0.0389102813816,0.067841580003,0.0
264,0.0,0.153724528713,0.0,0.0,0.0,0.0202798670084,0.0,0.08137652267,0.0277022898425,0.0
265,0.0,0.0,0.0,0.0,0.0,0.0,0.0,0.0,0.0,0.497229571973
266,0.00544951457846,0.136057607721,0.0,0.0,0.0,0.0,0.0,0.0379750947213,0.0377691068717,2.08663940189e-30
267,0.0,0.0,0.0,0.0,0.0,0.0,0.0,0.0,0.0,0.66297276263
268,0.0286030089826,0.0220697218813,0.0651375338971,0.0,0.0869517093252,0.206452213947,0.0,0.0,0.0259051516014,3.35230491387e-29
269,0.0,0.0,0.0,0.0,0.0,0.0,0.0,0.0,0.0,0.66297276263
270,0.00132000067438,0.0,0.0257464809718,0.0,0.0383352709118,0.0,0.0,0.0,0.0429280761486,0.0
271,0.118778266749,0.0,0.0881284221988,0.0,0.0,0.0,0.02446498261,0.0,0.0349383950447,0.0
272,0.0,0.234375072622,0.0,0.0,0.0368377793706,0.0,0.0,0.0363422790448,0.0693639250219,0.0
273,0.0,0.0,0.0,0.0,0.0,0.0,0.0,0.0,0.0,0.0
274,0.00255687808908,0.0463167296695,0.0208150666682,0.0,0.0230243425672,0.0,0.024649699678,0.0,0.0,1.51711512462e-28
275,0.0,0.0,0.0,0.201326160987,0.077864826958,0.0,0.0,0.0,0.0352086154455,8.22280338734e-29
276,0.0,0.0,0.0,0.0,0.0,0.0,0.0,0.0,0.0,0.497229571973
277,0.0,0.0,0.0,0.0,0.0,0.0,0.0,0.0,0.0,0.0
278,0.0,0.0,0.027755770147,0.0,0.0866725474214,0.0,0.200237631763,0.559834289342,0.0,0.0
279,0.108715219602,0.0333512588058,0.0864448084185,0.167009290063,0.121568084598,0.0194191226721,0.023969133263,0.0,0.00715080646571,3.93824954092e-28
280,0.122558546325,0.0432023420392,0.0,0.586878411695,0.0,0.0,0.0,0.300411979239,0.204295115758,2.55804591358e-28
281,0.121111878759,0.0,0.0,0.106346175416,0.0,0.0,0.0153195142546,0.189176537185,0.0999782157114,0.0
282,0.0,0.00258031022009,0.0,0.0436640515538,0.11856953637,0.0,0.00386499517871,0.0,0.0412748456629,0.0
283,0.0,0.0534072214053,0.0,0.0,0.133344844782,0.0,0.0,0.0527604758813,0.102353439639,0.0
284,0.0,0.0,0.118030382734,0.244176100428,0.0,0.155502300334,0.0,0.153153103014,0.110146231905,0.0
285,0.0601779001577,0.0,0.0343319468504,0.0,0.0722319768243,0.0,0.0040098026276,0.0,0.0,0.0
286,0.0,0.0173247171674,0.0464776883959,0.0269536613563,0.0,0.0,0.105994249067,0.0,0.0,4.82088206733e-29
287,0.0,0.0,0.0,0.0,0.0,0.0,0.0,0.0,0.0,0.0
288,0.0,0.0,0.0,0.0,0.0,0.0,0.0,0.0,0.0,0.66297276263
289,0.0,0.0,0.0,0.0,0.0110494992544,0.154375706728,0.0,0.0627098235403,0.0,0.0
290,0.0,0.0,0.48401817522,0.0167087007264,0.345021192364,0.296932598047,0.0,0.564218682853,0.0,1.18542287487e-28
291,0.0856219624239,0.0,0.0370140995889,0.0,0.455488863227,0.57705535217,0.0,0.0747604782565,0.26485855337,0.0
292,0.0,0.0,0.0,0.0,0.0,0.0,0.0,0.0,0.0,0.0
293,0.0,0.112113609053,0.41069828841,0.205655738858,0.0,0.0,0.415480583862,0.0,0.0,0.0
294,0.0118299113524,0.0369274650228,0.0,0.0,0.0349747782362,0.00846436567271,0.0,0.0,0.060782887553,0.0
295,0.0,0.0,0.0,0.0,0.0,0.0709017642547,0.0,0.0727084057753,0.0,1.18580406691e-28
296,0.0,0.0,0.0,0.0,0.0,0.22400159134,0.0,0.0,0.00144887511472,0.0
297,0.0,0.0,0.0,0.0,0.0,0.0,0.0,0.0,0.0,0.0
298,0.000878188179844,0.146406587919,0.0,0.0,0.0,0.054677709892,0.0,0.0725521221783,0.0,0.0
299,0.0,0.348045088086,0.0,0.0,0.205454037386,0.0,0.0359961037221,0.583105320145,0.21330000243,1.99032975711e-28
300,0.0,0.0,0.0,0.0,0.0,0.0499744248603,0.0,0.0,0.0,0.0
301,0.0,0.0942036238734,0.0,0.0,0.00571664047448,0.0,0.0,0.00400517046417,0.0,0.0
302,0.0,0.0,0.0,0.0,0.0,0.0,0.0,0.0,0.0,0.0
303,0.0470303921616,0.159420704218,0.0,0.0,0.0,0.0555404542949,0.0,0.0,0.0,0.0
304,0.0239610668155,0.00291556132296,0.0177175740562,0.287868804533,0.0,0.0758409919973,0.0,0.0,0.0,0.0
305,0.0,0.0,0.0,0.375325586476,0.0,0.145840022189,0.0182491996501,0.200327931402,0.00352393505506,3.03519210236e-28
306,0.0,0.0,0.0,0.0,0.0,0.0,0.0,0.0,0.0,0.0
307,0.0,0.0,0.0,0.0,0.0,0.0,0.0,0.0,0.0,0.0
308,0.0186333208131,0.0,0.0,0.0911803705233,0.0513781554017,0.0,0.0,0.0,0.0,0.0
309,0.0,0.0,0.0,0.0,0.0,0.0,0.0,0.0,0.0,0.0
310,0.0,0.0,0.0,0.0,0.0,0.0,0.0,0.0,0.0,0.497229571973
311,0.0,0.0,0.0,0.0,0.0,0.0,0.0,0.0,0.0,0.0
312,0.0,0.0,0.0,0.0,0.0,0.0,0.0,0.0,0.0,0.0
313,0.0,0.0,0.0,0.0,0.0,0.0,0.0,0.0,0.0,0.66297276263
314,0.0,0.0,0.0,0.0,0.0,0.00544483312304,0.0,0.0871289195901,0.0,1.2858578543e-28
315,0.0,0.0,0.0,0.0,0.0,0.0,0.0,0.0,0.0,0.0
316,0.0,0.0,0.0,0.0,0.0,0.0,0.0,0.0,0.0,0.66297276263
317,0.0,0.0,0.112032771671,0.18440122096,0.0,0.428171713916,0.0923475353321,0.0,0.0913171165919,0.0
318,0.0,0.0,0.0,0.0,0.0,0.0,0.0,0.0,0.0,0.497229571973
319,0.0,0.0,0.0,0.0,0.0,0.0,0.0,0.0,0.0,0.66297276263
320,0.203785522453,0.213734783954,0.194252394154,0.0,0.0,1.46938022494,0.0565429572567,0.550726730075,0.0,3.62944674909e-28
321,0.0,0.0,0.0,0.0,0.0,0.0,0.0,0.0,0.0,0.0
322,0.348410038274,0.827772368322,0.0,0.566838579582,0.0,1.06034873566,0.0,0.0,0.0,0.0
323,0.0254938170121,0.0,0.00707500323732,0.0,0.0399759295817,0.0,0.0,0.0,0.0377023690113,0.0
324,0.0328284280778,0.0322220794943,0.0,0.0,0.0,0.0,0.0,0.0,0.0,0.0
325,0.0,0.346986954118,0.0,0.96205936939,0.0,0.0,0.0236090944353,0.122441349051,0.256691023587,0.0
326,0.0,0.152518255048,0.128989824045,0.0,0.0,0.0,0.132962415418,0.284672727624,0.0,0.0
327,0.557455168559,0.0,0.0,0.0,0.0,0.59907814749,0.0,0.0,0.600559693675,8.36804531672e-28
328,0.0,0.0,0.0,0.177247278214,0.0,0.0,0.0623453936861,0.300648711136,0.0,0.0
329,0.0,0.0,0.0,0.0,0.0,0.0,0.0,0.0,0.0,0.66297276263
330,0.0,0.0833225672199,0.0,0.0,0.0945552187378,0.0,0.0,0.153074314327,0.0,0.0
331,0.0253052772135,0.0700846176407,0.0,0.0,0.0,0.690609717288,0.0,0.0,0.238818692015,7.29102955737e-28
332,0.0,0.0,0.0,0.0,0.0,0.0,0.0,0.0,0.0,0.0
333,0.0,0.0449565640515,0.00316683547326,0.0,0.0,0.0,0.0,0.119405692197,0.0,2.68988973389e-28
334,0.0,0.0472528834615,0.0774286617368,0.0,0.0224106771523,0.045531849528,0.00659010867578,0.0,0.106297743388,0.0
335,0.0,0.0,0.0,0.0,0.0,0.0,0.0,0.0,0.0,0.0
336,0.072012686038,0.162640965307,0.0,0.0,0.524404174937,0.641763092104,0.0,0.0,0.139714675883,0.0
337,0.0,0.0,0.0,0.0,0.0268868731048,0.0,0.0637531553367,0.0,0.0,0.0
338,0.0,0.0,0.0,0.0,0.0,0.0,0.0,0.0,0.0,0.0
339,0.087589918391,0.0,0.0,0.0,0.0109901571052,0.150794778945,0.0,0.0,0.148549260089,0.0
340,0.0,0.0,0.0,0.0,0.0,0.0,0.0,0.0,0.0,0.66297276263
341,0.0,0.0,0.0,0.0,0.0642914615632,0.0,0.0,0.00497143511697,0.0,0.0
342,0.50253447374,0.346124717531,0.1875338645,0.0,0.251053663227,0.982166921696,0.0,0.0,0.0,3.26961044834e-28
343,0.0,0.0,0.0,0.0,0.0,0.0,0.0,0.0,0.0,0.66297276263
344,0.0,0.0948088496201,0.0,0.0,0.0238243942704,0.0,0.216207824962,0.0695889185609,0.0,0.0
345,0.0,0.0,0.0,0.0,0.0,0.0,0.0,0.0,0.0,0.66297276263
346,0.0,0.0,0.0,0.0,0.0,0.0,0.0,0.0,0.0,0.66297276263
347,0.343680295442,0.0,0.0,0.0,0.0,0.670324371946,0.142702081097,0.0,0.0,6.29705067503e-29
348,0.0808502787585,0.272564630539,0.0,0.0330303436865,0.447764364061,0.0,0.0,0.0,0.0,3.44860667332e-29
349,0.0,0.0,0.0,0.0,0.0,0.0,0.0,0.0,0.0,0.497229571973
350,0.0,0.0163735834012,0.0140875832051,0.0,0.00730258243913,0.00225538644129,0.0159377622934,0.0329465122086,0.0,0.0
351,0.0,0.419222887063,0.0,0.0815123525587,0.0,0.0,0.384408509445,0.0249473042836,0.0,1.99503618079e-28
352,0.0715099329417,0.0,0.146078552895,0.0,0.141145146248,0.0,0.0,0.0,0.0,9.97269746463e-29
353,0.0,0.0,0.0,0.0,0.0,0.0,0.0,0.0,0.0,0.497229571973
354,0.0,0.0266894942209,0.0252469487937,0.0,0.0227451829331,0.00888646155596,0.0,0.0,0.0339991452735,0.0
355,0.0,0.0,0.0,0.0,0.0,0.0,0.0,0.0,0.0,0.0
356,0.0,0.0,0.0,0.0,0.0,0.0,0.0,0.0,0.0,0.66297276263
357,0.0118634801624,0.0,0.0012839302053,0.0,0.0144963284035,0.041308980385,0.0,0.0654657696277,0.0,2.64760222625e-29
358,0.0,0.0,0.0,0.189953736866,0.0,0.185875666018,0.0,0.0,0.0706613514441,1.11947236236e-28
359,0.00492080694142,0.0,0.0,0.0196528980888,0.034674331953,0.0,0.00966954442251,0.0,0.0305942519473,0.0
360,0.0474628579121,0.0,0.0,0.0615700512582,0.0865608708737,0.0181037473342,0.0040057925912,0.0,0.119622295347,0.0
361,0.0,0.0,0.0,0.0,0.0,0.0,0.0,0.0,0.0,0.0
362,0.0,0.103202069709,0.0,0.010294571076,0.0,0.00100608485211,0.0761440167371,0.0,0.0,0.0
363,0.0,0.0,0.0,0.0,0.0,0.0,0.0,0.0,0.0,0.497229571973
364,0.0,1.64176217886,1.85836831365,0.0,0.087572685447,3.50668872957,0.0,0.937831281002,0.0,0.0
365,0.0,0.0,0.0,0.0,0.0,0.0,0.0,0.0,0.0,0.0
366,0.0,0.0,0.0,0.0,0.0,0.0,0.0,0.0,0.0,0.497229571973
367,0.0466241642518,0.078445043627,0.0,0.131214234358,0.0557917385565,0.0761025503262,0.0,0.0,0.0,0.0
368,0.0,0.0,0.0,0.0,0.0,0.0,0.0,0.0,0.0,0.0
369,0.0542585157273,0.0,0.0,0.0,0.268250691186,0.00541793546411,0.123138226008,0.157443681189,0.0,0.0
370,0.0891486601472,0.0169136883633,0.0,0.0,0.0,0.142857582685,0.0901254057894,0.0,0.135541156402,9.37273680777e-29
371,0.0,0.0188894376136,0.0,0.101142966199,0.172591612812,0.0187005667094,0.0121496968186,0.144678604151,0.0,8.89507737599e-29
372,0.0324665938652,0.0427788689621,0.270167837672,0.0,0.0215974521533,0.0,0.0,0.0,0.0,3.20576050367e-29
373,0.0,0.0,0.0,0.0,0.0,0.0,0.0,0.0,0.0,0.331486381315
374,0.0,0.0,0.0,0.0,0.0,0.0,0.0,0.0,0.0,0.0
375,0.0841682092251,0.0216513751179,0.892677649736,2.10921431601,0.0,0.100417742199,0.534749934289,0.162742062641,0.0,0.0
376,0.0,0.161374844699,0.292750283429,0.10366313834,0.0,0.284714643406,0.0,0.437694233486,0.234203537091,0.0
377,0.157738167749,0.0,0.0,0.0,0.265191181351,0.208174574737,0.283515415543,1.35204968356,0.0,3.16992186583e-28
378,0.00109843240318,0.013849654082,0.038355855792,0.0,0.0121746606548,0.0101919798718,0.0121415705068,0.0,0.0,0.0
379,0.0,0.00738218582606,0.00506814628799,0.0,0.0,0.155509280046,0.0,0.21523749636,0.0,0.0
380,0.287197629727,0.0,0.0220248466429,0.227504274283,0.0,0.598735868312,0.0,0.0834486568548,0.0,0.0
381,0.0523744399532,0.0,0.0,0.11621929329,0.0,0.0,0.0620193793645,0.118149141847,0.167073128925,0.0
382,0.0,0.0,0.0,0.0,0.0,0.0,0.0,0.0,0.0,0.0
383,0.0,0.0,0.0,0.0,0.0,0.0,0.0,0.0,0.0,0.0
384,0.0232524004755,0.0,0.0,0.0,0.0296404241399,0.0,0.0,0.0,0.061397646136,1.14321419387e-28
385,0.0,0.0,0.0,0.0,0.0,0.0,0.0,0.0,0.0,0.497229571973
386,0.0,0.0262658164588,0.0,0.0,0.0254918629362,0.0523684170862,0.0,0.0,0.0,0.0
387,0.0,0.0,0.0,0.0,0.0,0.00802639668788,0.0269864874683,0.0,0.0298945985218,0.0
388,0.313892026573,0.0,0.0,0.179522459553,0.621798827123,0.0,1.42233435833,0.749884666874,0.0,0.0
389,0.0,0.0,0.0,0.00678498833753,0.0996587749333,0.0,0.0,0.0,0.00690014293931,0.0
390,0.0,0.0,0.0,0.0,0.0,0.0,0.0,0.0,0.0,0.66297276263
391,0.0,0.0,0.0,5.80064402621,0.00948115610931,0.0,0.150482298583,0.0,0.0,0.0
392,0.160975928374,0.0,0.00453858244881,0.0130798439792,0.0806728487135,0.122466901261,0.0,0.0,0.0691549877169,0.0
393,0.0,0.0,0.109091753154,0.0808620118996,0.0,0.0,0.0,0.0,0.0909168745651,1.46719429027e-28
394,0.0,0.0,0.0,0.0,0.0,0.0,0.0,0.0,0.0,0.66297276263
395,0.0,0.0,0.00146434865221,0.031179704996,0.0,0.0518068667182,0.0,0.0,0.0135379661752,0.0
396,0.0,0.0,0.0,0.0,0.0,0.0,0.0,0.0,0.0,0.66297276263
397,0.0719633019867,0.127861790486,0.0,0.00815890563671,0.0,0.0,0.0616409587849,0.0918941512187,0.00438110567323,7.5594310566e-29
398,0.0,0.0,0.0,0.0,0.0,0.0,0.0,0.0,0.0,0.497229571973
399,0.0584767486916,0.226024884195,0.0,0.0204888491767,0.0762457560744,0.330856867473,0.0,0.0,0.0,2.09362116001e-29
400,0.0,0.0,0.0,0.0,0.0,0.0226252266014,0.0,0.0,0.0,0.0
401,0.0,0.0,0.440786151473,0.610693327709,0.164440098622,0.372815590939,0.0,0.471102848752,0.0,0.0
402,0.146906376965,0.00232758412065,0.0,0.0,0.0,0.0378633591853,0.0,0.158976468325,0.00118072277022,0.0
403,0.0,0.0,0.0,0.0,0.0,0.155317915059,0.0,0.0,0.0,1.75611375204e-28
404,0.0,0.0,0.0,0.0,0.0,0.0,0.0,0.0,0.0,0.0
405,0.114075310856,0.0,0.00325289903202,0.0,0.172494731986,0.0394146210576,0.0,0.0724134466078,0.0305263207712,8.81612666342e-29
406,0.0,0.0,0.0,0.0,0.0,0.0,0.0,0.0,0.0,0.66297276263
407,0.0,0.121862962632,0.0,0.0,0.0,0.0,0.111719986027,0.0,0.0,1.05939594448e-29
408,0.0,0.0,0.0,0.0,0.0,0.0,0.0,0.0,0.0,0.0
409,0.0,0.0,0.0323051187675,0.0,0.0443083169495,0.0237190726879,0.0133753231267,0.0,0.0,0.0
410,0.0,0.0,0.0,0.0,0.0,0.0,0.0,0.0,0.0,0.497229571973
411,0.0,0.0,0.0,0.0,0.0,0.0,0.0,0.0,0.0,0.0
412,0.0,0.0,0.0576048906595,0.0,0.0546225935475,0.0,0.0,0.214801365269,0.0604766721068,0.0
413,0.0,0.0,0.0629316828226,0.0,0.0,0.0,0.108235957896,0.0617512962386,0.0,6.8892798437e-29
414,0.0,0.0,0.0,0.0,0.0,0.0,0.0,0.0,0.0,0.66297276263
415,0.131628395687,0.0343586693019,0.0,0.0,0.0,0.0563303446229,0.0,0.0,0.0,4.11627483071e-29
416,0.0,0.0631437894726,0.0,0.0582160170773,0.0,0.191127266166,0.0,0.0,0.177089518295,0.0
417,0.0,0.0,0.0,0.0,0.0,0.0,0.0,0.0,0.0,0.0
418,0.0,0.0,0.0,0.0,0.0,0.0,0.0,0.0,0.0,0.66297276263
419,0.024466731333,0.0,0.0,0.052443362007,0.0,0.0617040117419,0.0210513075785,0.0,0.0,0.0
420,0.0,0.0,7.60918261718,0.0,0.0,0.0,0.0,0.0,0.0,0.0
421,0.0,0.0,0.015128910226,0.218523462179,0.035080773953,0.0666399045092,0.137029407433,0.00768907219906,0.0322659646107,0.0
422,0.0,0.0,0.0,0.0,0.0,0.0,0.0,0.0,0.0,0.497229571973
423,0.0148179205141,0.0,0.117231673237,0.211236383248,0.327284105614,0.0,0.0,0.0,0.0307967792049,0.0
424,0.0,0.023114013991,0.0,0.000834825999133,0.0324281872258,0.0,0.0,0.0,0.0,0.0
425,0.0,0.0,0.0,0.0,0.0,0.0,0.0,0.0,0.0,0.0
426,0.0,0.0,0.0,0.16027614591,0.0,0.1609492909,0.0241587379712,0.118281475209,0.0,0.0
427,0.0,0.00182473088642,0.0,0.0,0.0,0.00293678091411,0.0,0.00215603458344,0.0,0.0
428,0.332369298558,0.455239611814,0.189245101185,0.318736074474,0.0,0.120014967594,0.0,0.0566795038777,0.0,0.0
429,0.0,0.0,0.0,0.0,0.0,0.0,0.0,0.0,0.0,0.497229571973
430,0.0,0.0,0.0,0.0,0.0,0.0,0.0,0.0,0.0,0.497229571973
431,0.0,0.0,0.0,0.148530811659,0.0417795467141,0.0,0.0383803860251,0.0,0.0,0.0
432,0.0,0.0,0.0,0.0,0.0,0.0,0.0,0.0,0.0,0.66297276263
433,0.0,0.0,0.0,0.0,0.0,0.0,0.0,0.0,0.0,0.497229571973
434,0.0,0.0,0.0,0.0,0.145111371666,0.115675501174,0.0,0.0732040443459,0.0,0.0
435,0.0,0.0,0.0,0.0,0.0,0.0,0.0,0.0,0.0,0.66297276263
436,0.0,0.0,0.0,0.0,0.0,0.0,0.0,0.0,0.0,0.66297276263
437,0.0,0.0,0.0,0.00979297069041,0.144016071867,0.0521974830814,0.0,0.0,0.0,0.0
438,0.0,0.0,0.0,0.0,0.0,0.0,0.0,0.0368381518458,0.0536107059343,0.0
439,0.039876340867,0.0959405619867,0.0,0.230432042596,0.0679227496768,0.0928070946896,0.0763008229537,0.0,0.021647367804,1.39399670752e-30
440,0.0,0.0,0.0,0.0,0.0,0.0,0.0,0.0,0.0,0.0
441,0.0,0.00182473088642,0.0,0.0,0.0,0.00293678091411,0.0,0.00215603458344,0.0,0.0
442,0.0,0.0,0.0,0.0,0.0,0.0,0.0,0.0,0.0,0.66297276263
443,0.0,0.0,0.250489380186,0.0,0.136261344231,0.0363603779154,0.0182899420317,0.0,0.0,0.0
444,0.0167523904639,0.0,0.0,0.0,0.0,0.0,0.0,0.0319725204543,0.217643980215,0.0
445,0.0,0.0,0.0,0.0,0.0,0.698772365487,0.0928201369124,0.211077996576,0.0,2.08866933965e-28
446,0.0,0.0411880904574,0.0,0.0,0.0,0.0248247145449,0.0,0.173768606698,0.0,0.0
447,0.0,0.0,0.0,0.236696298622,0.0,0.0,0.0822737907487,0.0,0.0436208678862,0.0
448,0.11416298053,0.0,0.0,0.0,0.0,0.50535481893,0.0,0.345332970275,0.244220266903,0.0
449,0.0,0.0,0.0,0.0,0.0,0.0,0.0,0.0,0.0,0.66297276263
450,0.0,0.0,0.0,0.0,0.0,0.0,0.0,0.0,0.0,0.0
451,0.0462670980232,0.0,0.0219673365123,0.0,0.0,0.0,0.0,0.0,0.0,0.0
452,0.0,0.0,0.0,0.0,0.0,0.0,0.0,0.0,0.0,0.165743190658
453,0.0,0.0,0.00439704840531,0.0152128148296,0.00207189508443,0.0424812278626,0.0,0.0205420725299,0.0344872871426,5.66696107574e-30
454,0.0,0.00215615911356,0.0252472205381,0.0597343267765,0.0,0.0,0.0128900994429,0.0191737573636,0.0,0.0
455,0.0,0.0,0.0,0.0,0.0,0.0,0.0,0.0,0.0,0.0
456,0.0,0.0,0.00552323104905,0.077746434227,0.0,0.0,0.00124480341537,0.0,0.0,0.0
457,0.0,0.0,0.0,0.0,0.0,0.0,0.0,0.0,0.0,0.66297276263
458,0.0,0.0,0.0,0.0,0.0,0.0601673862351,0.0,0.0,0.0620279314654,0.0
459,0.133314739764,0.00383826172882,0.121025813626,0.0,0.0,0.0962687126091,0.0,0.101152489276,0.0,0.0
460,0.0264348018693,0.0,0.0,0.0,0.0,0.0110100418075,0.0,0.0,0.0,0.0
461,0.0,0.0,0.0,0.0,0.0,0.0,0.0,0.0,0.0,0.0
462,0.0,0.0906535967843,0.0,0.0448019106924,0.0,0.0,0.0,0.0,0.108952833309,0.0
463,0.0,0.0,0.0,0.0,0.020701757471,0.0808390717178,0.0,0.0,0.112281125052,8.6027176668e-29
464,0.845594170271,0.0,0.0,0.324233789721,0.0,1.44248109786,0.888428175595,0.33253681286,0.0,0.0
465,0.0,0.0,0.0,0.0,0.0,0.0,0.0,0.0,0.0,0.0
466,0.0,0.0120217154623,0.0908088532877,0.0,0.0,0.320765714148,0.126048172209,0.175149568667,0.0,0.0
467,0.0,0.20245363258,0.0,0.0,0.0,0.0203461608333,0.0,0.0,0.0,0.0
468,0.0,0.0,0.0,0.0,0.0,0.0,0.0,0.0,0.0,0.497229571973
469,0.0,0.0,0.0,0.0,0.0,0.0,0.00792800467218,0.0670865383414,0.0,1.08245374865e-28
470,0.0,0.0,0.0,0.0,0.0,0.0,0.0177424210265,0.0457746294227,0.0413810356635,1.57015751051e-28
471,0.0531327256452,0.0,0.0,0.00727013046233,0.0,0.0,0.0,0.0,0.0,0.0
472,0.0,0.0,0.0,0.0,0.0,0.0,0.0,0.0,0.0,0.497229571973
473,0.0,0.0,0.0126087998945,0.154567562416,0.0913403114878,0.0,0.412346195483,0.378824683882,0.0,1.7888710078e-28
474,0.0,0.0461941493043,0.0,0.0709781026246,0.0,0.0438061793691,0.0994073739178,0.101348810656,0.0,0.0
475,0.0,0.0,0.0199204663885,0.121244916168,0.0,0.0,0.0,0.0,0.081879875258,0.0
476,0.0,0.0,0.0,0.0,0.0,0.0,0.0,0.0,0.0,0.0
477,0.0,0.0,0.162904301456,0.0,0.0,0.0,0.073877087552,0.0620792552661,0.0,0.0
478,0.0,0.0,0.448481017118,0.496223762595,0.0,0.208935149968,0.1507840141,1.75434510616,0.165861334448,0.0
479,0.0,0.0,0.0,0.0,0.0,0.0,0.0,0.0,0.0,0.497229571973
480,0.0548522298733,0.0,0.0272250506933,0.0,0.0,0.141532855896,0.170525704179,0.0,0.000927664492616,1.36870239492e-28
481,0.0,0.0,0.0,0.0,0.0,0.0,0.0,0.0,0.0,0.497229571973
482,0.0,0.0,0.0,0.0,0.0,0.0,0.0,0.0,0.0,0.497229571973
483,0.0,0.347788762692,0.0,0.621348198065,0.0,0.528519849796,0.0,0.887028678326,0.0,1.76251186517e-28
484,0.0,0.0,0.0,0.0,0.0,0.0,0.0,0.0,0.0,0.0
485,0.0,0.0,0.0,0.0,0.0,0.0,0.0,0.0,0.0,0.497229571973
486,0.0,0.00743705166758,0.0,0.0211856730425,0.0,0.0,0.0370776195181,0.0,0.0,0.0
487,0.030545715767,0.00968462797862,0.0,0.0749658029324,0.0,0.179919755651,0.0,0.057968155303,0.0,9.36952129695e-29
488,0.0,0.0,0.0649486019739,0.0,0.0595392720982,0.209448246695,0.0,0.0,0.0,0.0
489,0.1549768395,0.039376660451,0.0192704086424,0.0,0.0,0.0,0.0704538054237,0.0691338219299,0.086793400152,1.39975795824e-28
490,0.0445926125251,0.0,0.0352854101217,0.00573524428368,0.0298826994695,0.0604991302463,0.0,0.0,0.0,3.35981607084e-29
491,0.0,0.148188489219,0.0,0.0,0.00590260532363,0.260501958968,0.0,0.298918396146,0.0,6.20121777312e-28
492,0.0,0.0,0.0,0.00399025051956,0.00677752952174,0.00289629934418,0.0,0.0,0.0,0.0
493,0.13281618636,0.0,0.0,6.02842257005,0.0,0.0,0.0,0.0,0.827491535632,0.0
494,0.034789378038,0.0207831686706,0.0,0.0,0.00551182184628,0.103445382317,0.192833885029,0.0,0.0,0.0
495,0.0,0.0,0.0,0.0,0.0,0.0,0.0,0.0,0.0,0.497229571973
496,1.93318177936,3.31517398395,0.0,0.638726387453,0.415693594453,0.955072475288,4.83381776397,0.768895395302,2.02442061928,0.0
497,0.0,0.0,0.0,0.0,0.0,0.0,0.0,0.0,0.0,0.0
498,0.0,0.0712739227915,0.0,0.0,0.0,0.0444336479358,0.0,0.14699656356,0.0,0.0
499,0.16666920715,0.143632541183,0.468381955233,0.838880567557,0.00737726719745,0.0,0.0,0.0,0.0,0.0
500,0.0,0.0,0.0,0.0,0.0,0.0,0.0,0.0,0.0,0.66297276263
501,0.0,0.000775386892855,0.0,0.0,0.0,0.0969701121918,0.0,0.0,0.123761692103,0.0
502,0.0,0.0,0.0,0.0,0.0,0.0,0.0,0.0,0.0,0.0
503,0.0617510337111,0.0,0.0,0.0,0.0914085526763,0.0,0.0393689003198,0.0410452676509,0.0,0.0
504,0.0,0.038480332752,0.0,0.0,0.240341140129,0.0,0.140223662615,0.0,0.0,0.0
505,0.0151749299428,0.0,0.0,0.0,0.0172349419033,0.0,0.0292638440875,0.0,0.0,0.0
506,0.0,0.0,0.0,0.0,0.0,0.0,0.0,0.0,0.0,0.497229571973
507,0.0,0.00221039475497,0.00187804651958,0.0826896509616,0.0,0.0,0.0236201520423,0.0,0.0131882217652,0.0
508,0.0,0.00182473088642,0.0,0.0,0.0,0.00293678091411,0.0,0.00215603458344,0.0,0.0
509,0.0,0.0,0.0,0.0335225660948,0.0987947769706,0.0,0.0,0.0,0.142761594462,6.67787623275e-30
510,0.0289773207106,0.0,0.047242443921,0.0360632924538,0.0253101252127,0.0,0.0,0.0,0.0,1.16458756216e-28
511,0.0,0.0,0.0,0.0,0.0,0.0,0.0,0.0,0.0,0.0
512,0.0,0.0,0.0,0.0,0.0,0.0,0.0,0.0,0.0,0.0
513,0.0,0.0,0.0,0.0,0.0,0.0,0.0,0.0,0.0,0.0
514,0.0,0.0,0.0,0.552448040484,0.0935636714989,0.305094598652,0.00998975700348,0.317042144194,0.118964453664,0.0
515,0.0652445587793,0.081381687483,0.0,0.0,0.0966191218183,0.0,0.0,0.0337956409165,0.0,0.0
516,0.0,0.0,0.0,0.0,0.0,0.0501105763664,0.0,0.0313140068658,0.0,0.0
517,0.0,0.0,0.0,0.0,0.0,0.0,0.0,0.0,0.0,0.331486381315
518,0.0,0.0,0.0,0.00399025051956,0.00677752952174,0.00289629934418,0.0,0.0,0.0,0.0
519,0.0,0.0,0.0,0.0137881350898,0.0,0.0,0.0,0.0,0.0306595356681,8.86055697335e-29
520,0.00618582153465,0.00288814690572,0.0,0.0832712531463,0.0,0.0,0.0,0.019983216567,0.0,0.0
521,0.0,0.0,0.0,0.0,0.0,0.0,0.0,0.0,0.0,0.0
522,0.0,0.0,0.0,0.0,0.0,0.0,0.0,0.0,0.0,0.0
523,0.0,0.0,0.967029911794,0.0,1.10410444163,0.0,0.0,0.0,0.496762270707,0.0
524,0.0,0.333623703906,0.0,0.0704981894625,0.0,0.24242931707,0.178779628308,0.326315071736,0.00877843010185,0.0
525,0.0,0.0,0.0,0.0,0.0,0.0,0.0,0.0,0.0,0.0
526,0.0,0.0,0.0,0.0,0.0,0.224018457456,0.0,0.0244835734792,0.0,0.0
527,0.0,0.0136901196808,0.0,0.0,0.0178700905142,0.0342728486779,0.0,0.0,0.0,0.0
528,0.157664732537,0.136254060235,0.0,0.0,0.0689768115878,0.0,0.0460249526348,0.0,0.0,4.46887181273e-28
529,0.0,0.0732841523387,0.241748865417,0.0,0.0,0.0500683893307,0.0929279823518,0.00881650354855,0.0,0.0
530,0.0,0.0,0.0,0.0,0.0,0.0,0.0,0.0,0.0,0.66297276263
531,0.175296553721,0.0,0.0664728258518,0.0,0.0,0.0,0.0,0.0,0.0,4.20575695274e-30
532,0.0,0.0,0.0,0.0,0.0,0.0,0.0,0.0,0.0,0.0
533,0.0,0.0,0.0,0.0,0.0,0.0,0.0,0.0,0.0,0.66297276263
534,0.0,0.0,0.0,0.0,0.0,0.0,0.0,0.0,0.0,0.66297276263
535,0.0,0.0,0.0,0.0,0.0,0.0,0.0,0.0,0.0,0.497229571973
536,0.0,0.0,0.0,0.0,0.0,0.0,0.0,0.0,0.0,0.0
537,0.0,0.0327690407514,0.0962681166053,0.17374345664,0.0,0.071827621884,0.0,0.0,0.0,1.69964195526e-28
538,0.0,0.0,0.0,0.0,0.0357954502539,0.0,0.0,0.0,0.0,0.0
539,0.0,0.0,0.0,0.0,0.0,0.0,0.0,0.0,0.0,0.497229571973
540,0.0,0.0,0.0,0.0,0.0,0.0,0.0,0.0,0.0,0.66297276263
541,0.0620062567023,0.0212943731534,0.0,0.0,0.0,0.0668884973497,0.0,0.0111429260845,0.0,0.0
542,0.0,0.0,0.0,0.0,0.0,0.0,0.0,0.0,0.0,0.0
543,0.0,0.0,0.0,0.0,0.0,0.0,0.0,0.0,0.0,0.0
544,0.0,0.0,0.0,0.0,0.0,0.0,0.0,0.0,0.0,0.497229571973
545,0.0,0.125098810954,1.08142069815,0.0,0.365363714573,0.214591218347,0.111160184296,0.0,0.0,0.0
546,0.0,0.0,0.0,0.0,0.0,0.0,0.0,0.0,0.0,0.0
547,0.0,0.0,0.0,0.0,0.0,0.0897117621136,0.0,0.126832715158,0.0,0.0
548,0.0,0.015372657286,0.0,0.0,0.0140073603248,0.0,0.108425342855,0.0,0.0,0.0
549,0.024112668488,0.0,0.0374592403823,0.0,0.0253894757697,0.0,0.0,0.0,0.0,1.63908464768e-28
550,0.0,0.0,0.0,0.0,0.0,0.0,0.0,0.0,0.0,0.0
551,0.0,0.0,0.0,0.0,7.59545492907,0.0,0.0,0.0,0.0,7.08506211533e-29
552,0.0,0.0282268513674,0.0,0.0,0.178037877876,0.0,0.00415082747352,0.0,0.0,2.33188067132e-28
553,0.0720465299744,0.0,0.0468257285471,0.0,0.0573707381523,0.0,0.0,0.0,0.0,2.40218465764e-28
554,0.0218774472155,0.0,0.0,0.0,0.0,0.0172786322221,0.0120402766105,0.0,0.0,0.0
555,0.0,0.0,0.00707403693263,0.0,0.0,0.0,0.0705791190517,0.00724659521701,0.0433371277451,7.95244601205e-29
556,0.0,0.0,0.0,0.0,0.0,0.0,0.0,0.0,0.0,0.0
557,0.0,0.0592963950183,0.0,0.0,0.0,0.0,0.0,0.165244816163,0.0,4.95974878427e-29
558,0.270184802206,0.0,0.0378384405797,0.0,0.310901862253,0.393859164986,0.0,0.022332246036,0.395537776876,0.0
559,0.0,0.0,0.0,0.0,0.0,0.0,0.0,0.0,0.0,0.66297276263
560,0.0,0.0980688681005,0.0,0.0,0.0,0.233733346728,0.0,0.0165547469036,0.0,0.0
561,0.0,0.0,0.0,0.0,0.0,0.0,0.0,0.0,0.0,0.66297276263
562,0.0,0.0,0.0640417395136,0.0,0.0,0.0,0.0137906364794,0.0,0.0,0.0
563,0.0,0.0,0.0,0.0,0.0202700525891,0.0,0.0530517034733,0.0069598932788,0.0,0.0
564,0.0461277955054,0.0,0.0204866811924,0.0,0.0,0.082870706195,0.220900748785,0.285190936834,0.281755552694,0.0
565,0.0,0.0,0.0,0.0,0.0,0.0,0.0,0.0,0.0,0.0
566,0.0,0.0,0.0,0.0,0.0,0.0,0.0319342867033,0.0238706757315,0.0578640848391,0.0
567,0.0,0.0,0.0,0.0,0.0,0.0,0.0,0.0,0.0,0.0
568,0.0,0.0,0.0,0.0,0.0,0.0595089604034,0.0,0.0,0.0653023201072,0.0
569,0.0,0.0,0.0,0.0,0.0,0.0,0.0,0.0,0.0,0.66297276263
570,0.0,0.0,0.0,0.128417958077,0.0,0.977385798403,0.208693812635,0.178977583244,0.215572430624,0.0
571,0.0155768422884,0.0248866352916,0.0296337401971,0.0,0.0136318731702,0.0,0.0,0.0,0.0,0.0
572,0.0,0.260996318987,0.067493169425,0.112822057901,0.0,0.0,0.0,0.0,0.250367665566,0.0
573,0.0,0.0,0.157156273693,0.0167908364808,0.0,0.497776652019,0.0,0.0,0.0,0.0
574,0.220028498204,0.0,0.0,0.213643337173,0.130424563821,0.370724383971,0.0361866627158,0.167394714973,0.0,6.90112657732e-29
575,0.0,0.121250117342,0.0,0.121640920249,0.0,0.0,0.227923535775,0.0,0.0,0.0
576,0.0,0.0,0.0,0.0,0.0,0.0,0.0,0.0,0.0,0.66297276263
577,0.0,0.0335460509122,0.0,0.120169141072,0.0,0.680201061919,0.0,0.0,0.159566931266,0.0
578,0.0,0.0,0.0,0.030480275016,0.0137054132961,0.0261877531723,0.0,0.0,0.0844877352909,1.11977442247e-28
579,0.0504354941737,0.0119524209067,0.0,0.0,0.0580483127942,0.0,0.0,0.0,0.0767945784709,3.30155051121e-29
580,0.0,0.0,0.0,0.0,0.0,0.0,0.0,0.0,0.0,0.497229571973
581,0.0,0.0,0.206844743202,0.298244961514,0.0189401784682,0.0856471822151,0.0,0.0443742769681,0.00972141564859,6.73389724892e-29
582,0.0,0.0361725435638,0.017948244981,0.000442455976924,0.0139304972512,0.00685774479135,0.0,0.0,0.0,3.28387678051e-29
583,0.0,0.0,0.0,0.0,0.0,0.0,0.0,0.0,0.0,0.0
584,0.0,0.0,0.0,0.0,0.0,0.0,0.0,0.0,0.0,0.66297276263
585,0.0385825172657,0.0252454339287,0.0872766677044,0.351786748301,0.0,0.057555734819,0.0473773021736,0.0,0.0667837846639,0.0
586,0.0,0.0,0.0,0.0,0.0,0.0,0.0,0.0,0.0,0.66297276263
587,0.0,0.0454105157603,0.0556986298273,0.0,0.283649208733,0.0,0.0,0.0,0.0,0.0
588,0.0,0.0,0.0,0.0,0.0,0.0160505136445,0.0,0.113548951292,0.0,0.0
589,0.0117245875077,0.0,0.0345233079004,0.0297987975111,0.0,0.0636614875981,0.0,0.00765860500076,0.0973257582115,4.20113319743e-29
590,0.0,0.0,0.0,0.0,0.0,0.0,0.0,0.0,0.0,0.66297276263
591,0.0,0.0,0.0,0.0,0.0,0.0,0.0,0.0,0.0,0.66297276263
592,0.0,0.0,0.0,0.0,0.0,0.0,0.0,0.0,0.0,0.0
593,0.34044827514,0.0,0.0,0.0,0.44620133277,0.0,0.0,0.0,0.0269650168888,0.0
594,0.0262179089853,0.0,0.091715442234,0.0256521382657,0.0,0.0460798792995,0.254301411794,0.0040460625094,0.0,0.0
595,0.0,0.0603498267363,0.0,0.052565520225,0.0,0.0,0.0,0.0,0.0,0.0
596,0.0,0.0,0.0931367064411,0.0692065296861,0.0819327254003,0.0,0.107453454281,0.0,0.0,0.0
597,0.0274740885285,0.0,0.0,0.0,0.0,0.0151584436162,0.0242105573143,0.0,0.0,0.0
598,0.0,0.0,0.0,0.0,0.0,0.0,0.0,0.0,0.0,0.0
599,0.0,0.0,0.0,0.0,0.0,0.0,0.0,0.0,0.0,0.497229571973
600,0.0,0.0,0.0,0.0,0.0,0.0,0.0,0.0,0.0,0.0
601,0.0813253954932,0.0190534839778,0.0106788093694,0.0,0.0,0.139978197474,0.00424041484775,0.0,0.0129951491991,9.44389347005e-29
602,0.0,0.0440503304239,0.0,0.118769906074,0.0865139477042,0.0,0.116363294309,0.0341454759817,0.0367173056489,3.7452976161e-28
603,0.0154357853046,0.0,0.0,0.0,0.016483243701,0.0,0.0,0.0,0.0,0.0
604,0.0,0.0,0.0,0.0,0.0,0.0,0.0,0.0,0.0,0.66297276263
605,0.0,0.0,0.0,0.0,0.0,0.0,0.0,0.0,0.0,0.66297276263
606,0.0,0.0,0.0,0.0,0.0,0.0,0.0,0.0,0.0,0.0
607,0.0,0.236716995706,0.0,0.0564375469838,0.0,0.0,0.0,0.0,0.0345920974022,0.0
608,0.184223233651,0.519209903076,0.0,0.0,0.0,0.628114861251,0.0,0.354417847039,0.0,3.49820985756e-28
609,0.0701110434841,0.0,0.0458493688816,0.0,0.0,0.167651051249,0.0,0.0,0.0,2.90145973407e-28
610,0.139145780498,0.0700411858546,0.0,0.0605580640248,0.0,0.0,0.0,0.116708274527,0.0,0.0
611,0.0,0.0,0.0,0.0,0.0,0.0,0.0,0.0,0.0,0.0
612,0.0,0.0,0.0,0.0,0.0,0.0,0.0,0.0,0.0,0.0
613,0.0416450862505,0.0,0.0,0.0,0.0,0.0,0.0,0.0,0.0485455054064,0.0
614,0.0,0.505917438974,0.472923400998,0.137126783042,0.0,0.204257601079,0.0,0.133159160957,0.0341221035609,5.39315783242e-28
615,0.0,0.0,0.0,0.0,0.0,0.0,0.0,0.0,0.0,0.0
616,0.0,0.0,0.0,0.0,0.0,0.0,0.0,0.0,0.0,0.0
617,0.0,0.0293139948205,0.0,0.0,0.0,0.0,0.0331921748292,0.0,0.0,0.0
618,0.0104591334516,0.0,0.0,0.0540330841362,0.0,0.0526327438837,0.0,0.0,0.2023761357,0.0
619,0.099566486901,0.00547451264318,0.333461653792,0.474434269822,0.218288597891,0.0,0.0,1.87172768649,0.840165550356,4.61045597508e-28
620,0.0,0.0399733833734,0.0288726966248,0.0,0.0,0.0,0.0,0.0,0.0,1.44256756215e-28
621,0.0,0.32898804317,0.203781598089,0.0,0.0,0.543705631122,0.0,0.503701718594,0.511878886848,0.0
622,0.0,0.0,0.0,0.104800330186,0.0,0.0,0.49879465278,0.0649860303336,0.288394896403,0.0
623,0.0,0.0,0.0,0.0,0.0,0.0,0.0,0.0,0.0,0.66297276263
624,0.0,0.0263001092913,0.0341166250342,0.0,0.0,0.0462400824841,0.00554689668564,0.0,0.012846426035,0.0
625,0.0,0.0,0.0,0.0,0.0,0.0,0.0,0.0,0.0,0.0
626,0.17858930898,0.0223213526431,0.0,0.0,0.0,0.0,0.0,0.0679770301294,0.0,0.0
627,0.0,0.0,0.0,0.0,0.132877166679,0.0,0.00163689663626,0.0,0.00256158801117,0.0
628,0.00892390311844,0.0,0.0,0.0,0.0,0.245719363315,0.0,0.0777276127716,0.0,0.0
629,0.0,0.0,0.00265228580901,0.11075193639,0.0,0.0,0.0913923206855,0.0201820089041,0.0,1.34880439681e-28
630,0.335355191396,0.0649378455952,0.112368295187,0.0,0.4966945318,0.523066486154,0.0,0.0,0.0,7.66807010032e-29
631,0.0,0.0,0.0,0.0,0.0,0.0,0.0,0.0,0.0,0.497229571973
632,0.0,0.0,0.0,0.0,0.0,0.0,0.0,0.0,0.0,0.165743190658
633,0.0,0.159118841558,0.0,0.0,0.0862462717069,0.0,0.107044262206,0.156046977438,0.0,3.26532325763e-28
634,0.0,0.0,0.0,0.0,0.0,0.0,0.0,0.0,0.0,0.0
635,0.0,0.0,0.0,0.0,0.0,0.0,0.0,0.0,0.0,0.0
636,0.430580980083,0.0,0.401664654848,0.26831027645,0.0,0.49459750355,0.195354823078,0.0,0.0,0.0
637,0.0,0.0,0.0,0.0,0.0,0.0,0.0,0.0,0.0,0.497229571973
638,0.0535527210249,0.0,0.393096851462,0.0266270927451,0.00132738949684,0.121725447652,0.0,0.0,0.0,0.0
639,0.0,0.0,0.0,0.0,0.0,0.0,0.0,0.0,0.0,0.0
640,0.0,0.0130672594789,0.0,0.0,0.0,0.0,0.0,0.0547343409467,0.0,1.03430575833e-28
641,0.0,0.0272153575484,0.0554003585871,0.0,0.0,0.169432388686,0.0,0.0,0.0,1.73395312591e-28
642,0.063347493204,0.428066299971,0.0813228479078,0.0,0.0211761673647,0.0,0.155472000265,0.0,0.0,0.0
643,0.0,0.0184658377132,0.0,0.0,0.0524676236004,0.0889887081946,0.0223873993159,0.0183832786175,0.0214852370027,0.0
644,0.0,0.0,0.189012371095,0.0,0.0,0.0,0.0742077835739,0.0,0.0,0.0
645,0.0,0.0,0.0,0.0,0.0,0.0,0.0,0.0,0.0,0.66297276263
646,0.101903443545,0.0,0.270056097007,0.473364185908,0.0538887679255,0.640981345741,0.1314259307,0.145528175403,0.0,1.35017660476e-28
647,0.0,0.0499590529352,0.0090575727477,0.0,0.179808771072,0.0995278723182,0.0,0.0,0.0,1.16145784088e-28
648,0.713993649691,0.0,0.917150264654,0.380177144378,0.0,0.0557315062908,0.0,0.597247230328,0.0339792902028,3.99153388432e-28
649,0.0,0.0,0.0,0.0,0.0,0.0,0.0,0.0,0.0,0.66297276263
650,0.0,0.0,0.0,0.0,0.0,0.0,0.0,0.0,0.0,0.66297276263
651,0.0415784423176,0.0,0.0337296515591,0.0,0.0,0.0,0.0,0.0,0.0212820301287,0.0
652,0.0,0.0,0.0,0.0,0.0,0.0,0.0,0.0,0.0,0.66297276263
653,0.052222201663,0.134668612843,0.0,0.0,0.0493772078076,0.0,0.0,0.0,0.0,3.0610070005e-29
654,0.0,0.0,0.0,0.0,0.0,0.0,0.0,0.0,0.0,0.66297276263
655,0.0,0.0,0.0,0.0,0.0,0.0,0.0,0.0,0.0,0.0
656,0.0,0.0498755494587,0.0,0.0401080450651,0.00715817286583,0.00933921060473,0.0722383112376,0.0,0.0,4.21368913164e-29
657,0.0,0.00265658845087,0.0890234906197,0.0395830155537,0.0,0.0,0.0,0.0144559746539,0.0,0.0
658,0.0,0.0,0.0,0.0,0.0,0.0,0.0,0.0,0.0,0.497229571973
659,0.442452154575,0.0,0.281898230353,0.0,0.0,0.692805483396,0.55055516656,0.671565459759,0.0,1.33455504872e-27
660,0.0,0.0,0.0,0.0,0.0,0.0,0.0,0.0,0.0,0.66297276263
661,0.0,0.0,0.0,0.0,0.00793280517164,0.0,0.0253232358038,0.0,0.115761993577,0.0
662,0.0256840240405,0.0,0.0,0.035899657343,0.0,0.0,0.0216412910176,0.0,0.0,1.18004650056e-28
663,0.0,0.0,0.334997819529,0.0114348885425,0.337668572494,0.0,0.253677830068,0.0,0.0,0.0
664,0.0,0.0346066519899,0.0382141465441,0.0,0.0,0.0,0.0379910527715,0.00702001524025,0.0,0.0
665,0.0,0.0,0.0,0.0,0.0,0.0,0.0,0.0,0.0,0.66297276263
666,0.0,0.0,0.0,0.0,0.0,0.0,0.0,0.0,0.0,0.497229571973
667,0.022395686627,0.0,0.395726752694,0.0209399353064,0.0350738914403,0.0,0.0366499145232,0.0383077465139,0.179239091519,2.35345665698e-28
668,0.00260645667982,0.0,0.0436785034228,0.0205858765273,0.0,0.0,0.0343053268477,0.0,0.0,0.0
669,0.337551249375,0.0,0.291872870967,0.0941535996044,0.0,0.0073137325057,0.104138541014,0.0781259733738,0.0,0.0
670,0.0,0.0,0.0,0.0,0.0,0.0,0.0,0.0,0.0,0.497229571973
671,0.0,0.0,0.0,0.0,0.0,0.0,0.0,0.0,0.0,0.0
672,0.0,0.0513172202936,0.0,0.0,0.0,0.0164711235009,0.0,0.0760516324539,0.0,2.483654159e-32
673,0.0,0.0,0.0,0.0,0.0,0.0,0.0,0.0,0.0,0.497229571973
674,0.0,0.0,0.0,0.0,0.0,0.0,0.0,0.0,0.0,0.497229571973
675,0.038980501279,0.0,0.0,0.0166832708873,0.0,0.0,0.0,0.0,0.0,0.0
676,0.0,0.0,0.0137034184048,0.0,0.0,0.0203452658657,0.0336536380969,0.0,0.0420147208924,0.0
677,0.0,0.0,0.0,0.0,0.0,0.0,0.0,0.0,0.0,0.0
678,0.0844809943479,0.011613593706,0.0,0.129642092189,0.0,0.101156897175,0.0228178458333,0.0,0.097738164369,0.0
679,0.0,0.0,0.0689111777003,0.0114437840401,0.0,0.0,0.0,0.0556824762738,0.0,0.0
680,0.0,0.0,0.0440500674461,0.150077211957,0.0,0.171132208968,0.0,0.120446340556,0.0849559017681,0.0
681,0.10053883841,0.0626010964538,0.0,0.0,0.0,0.0,0.0,0.0,0.0,7.41372321855e-29
682,0.0,0.0,0.0,0.0,0.0,0.0,0.0,0.0,0.0,0.0
683,0.0106464795481,0.0,0.0,0.0,0.0334209866252,0.0,0.0,0.096090400627,0.064258093674,1.99932494086e-29
684,0.0662132925697,0.0,0.0,0.276368334984,0.0,0.0,0.0,0.0,0.0,0.0
685,0.0115572902301,0.0,0.0,0.121991255778,0.0,0.0,0.0,0.0,0.0,1.53241151001e-29
686,0.00350300042463,0.0,0.0,0.0,0.0262815354097,0.0,0.0375796257643,0.0,0.0,0.0
687,0.0,0.0,0.0888845769034,0.0,0.0041144483458,0.00622104793021,0.0,0.0,0.0346061001598,0.0
688,0.0,0.0,0.0,0.0,0.0,0.0,0.0,0.0,0.0,0.0
689,0.0693769534299,0.0,0.0,0.149218520713,0.0,0.428632417916,0.0,0.262050668515,0.0,0.0
690,0.0,0.0,0.0,0.0,0.0,0.0,0.0,0.0,0.0,0.497229571973
691,0.0,0.0937044532334,0.0,0.0210142318334,0.0,0.0,0.0556795101064,0.0,0.0,0.0
692,0.0,0.0,0.0403813984594,0.0,0.0553853961869,0.0296488408599,0.0167191539084,0.0,0.0,0.0
693,0.0449032376925,0.0,0.00247546709735,0.0727750936301,0.0,0.0,0.0148320699508,0.0,0.031094585278,0.0
694,0.119778376326,0.0621990847328,0.178765263106,0.0410405167093,0.0,0.0,0.0,0.0387293084431,0.0113693301422,0.0
695,0.0,0.142699541642,0.0917394126881,0.103104371053,0.0,0.172705345747,0.0254876962727,0.0,0.0758474119941,2.39345266463e-28
696,0.0,0.0,0.0,0.0,0.0,0.0,0.0,0.0,0.0,0.497229571973
697,0.0,0.0,0.0407545678613,0.155525289509,0.0,0.0,0.0,0.281634668728,0.0,0.0
698,0.0,0.00999142902767,0.0,0.0,0.061440013128,0.0486765628422,0.0,0.0,0.0,0.0
699,0.0,0.0204570489194,0.0262506755592,0.0,0.0211641613765,0.0,0.0,0.0207089580911,0.0108903880089,0.0
700,0.0,0.0,0.0,0.0,0.0,0.0,0.0,0.0,0.0,0.66297276263
701,0.0,0.0733439886243,0.0,0.01195074671,0.0767801074305,0.0547712641086,0.0,0.119988685329,0.0292640248778,0.0
702,0.0164470514553,0.0,0.0,0.0,0.0,0.10556776445,0.0193364410259,0.0107571347344,0.0,1.33486142981e-28
703,0.0,0.0,0.0,0.0,0.0,0.0,0.0,0.0,0.0,0.0
704,0.0,0.0,0.0,0.0,0.0,0.0,0.0,0.0,0.0,0.66297276263
705,0.0,0.0505636942712,0.0,0.0,0.0,0.0,0.0,0.0182128218658,0.0943422471212,0.0
706,0.00501449952171,0.0692219970138,0.0,0.0,0.0,0.0,0.0570565790189,0.0,0.0327456475513,0.0
707,0.0268546705488,0.0,0.0,0.0131526241238,0.0,0.0,0.0615844136249,0.0360032130026,0.0321101744951,2.7773119174e-29
708,0.0,0.472567725309,0.0,0.0950916898195,0.0,0.213176890584,0.0,0.456622286735,0.211000199095,8.21742943525e-29
709,0.0,0.0,0.0,0.0,0.0,0.0,0.0,0.0,0.0,0.497229571973
710,0.0,0.0,0.0,0.0,0.0,0.0642813142552,0.0760342442933,0.0215891440323,0.0,0.0
711,0.094324041647,0.0,0.0,0.0,0.0754069340973,0.0,0.0,0.0,0.0,0.0
712,0.503348139032,0.265095201591,0.0,0.0,0.0,0.64949023911,0.453005172297,0.613865881024,0.0,0.0
713,0.0384000884424,0.0,0.0233983810537,0.0313794923313,0.0214939038816,0.0,0.0,0.0,0.0,0.0
714,0.0,0.0,0.0,0.0,0.0,0.0,0.0,0.0,0.0,0.0
715,0.0,0.0,0.0,0.0,0.0,0.269952096954,0.0,0.138329090358,0.0,0.0
716,0.0,0.0,4.49536808124e-05,0.0201897082631,0.0,0.115259886354,0.0,0.0240877051243,0.0463501084184,0.0
717,0.0,0.0,0.0,0.0,0.0,0.0,0.0,0.0,0.0,0.0
718,0.0,0.0,0.0105324739643,1.14134821938,0.0,4.54049273054,0.0,0.0,0.246803060933,0.0
719,0.0,0.0390931529104,0.0,0.0,0.0,0.198608183058,0.0,0.172358294083,0.0,0.0
720,0.0,0.0,0.0,0.0,0.0,0.0,0.0,0.0,0.0,0.165743190658
721,0.0,0.0,0.0,0.0,0.0,0.0,0.0,0.0,0.0,0.0
722,0.0,0.0,0.0,0.0,0.0,0.0418669279746,0.0,0.0,0.0,0.0
723,0.0,0.0,0.0,0.0,0.0,0.0,0.0,0.0,0.0,0.331486381315
724,0.0,0.0,0.0,0.0,0.0,0.0,0.0,0.0,0.0,0.0
725,0.0,0.0,0.0,0.0,0.0,0.0,0.0,0.0,0.0,0.0
726,0.000528966530125,0.0454386487281,0.0,0.0,0.0,0.0917037304963,0.0,0.0,0.0,0.0
727,0.0,0.0,0.0,0.0,0.0,0.0,0.0,0.0,0.0,0.0
728,0.0,0.00742554855851,0.0,0.0938628224665,0.0,0.0,0.0995726470004,0.0,0.0,8.52496434018e-30
729,0.0,0.0,0.0,0.0,0.0,0.0,0.0,0.0,0.0,0.497229571973
730,0.0275274532843,0.0,0.0,0.0,0.0,0.124935792105,0.0645956272475,0.176085471352,0.0,0.0
731,0.0,0.0,0.0,0.0,0.0,0.0,0.0,0.0,0.0,0.66297276263
732,0.100462366988,0.0,0.0364973356253,0.11502915395,0.0,0.0495906896106,0.0,0.284305552487,0.108387271015,0.0
733,0.0,0.0,0.0,0.0,0.0,0.0,0.0,0.0,0.0,0.165743190658
734,0.0614963402658,0.0,0.0637385384515,0.0,0.0,0.0537591187322,0.0,0.0380907386598,0.0,0.0
735,0.00132000067438,0.0,0.0257464809718,0.0,0.0383352709118,0.0,0.0,0.0,0.0429280761486,0.0
736,0.0,0.0313515253093,0.0310258327468,0.0578719094529,0.0,0.0,0.0,0.0,0.0160556820263,0.0
737,0.0740327569102,0.00377990194344,0.00978096674745,0.132985910247,0.0130226451409,0.0397661950093,0.0,0.0,0.0173499101118,0.0
738,0.0884766923194,0.00849332178466,0.0,0.0,0.00333362698105,0.0,0.0,0.0,0.0157953768933,6.38584783953e-29
739,0.0,0.0164645089351,0.11900036641,0.0223295582452,0.0,0.0,0.0129596768133,0.0,0.0,0.0
740,0.0,0.0,0.0,0.00249043556743,0.0,0.0569566132368,0.0,0.00896284004541,0.0484560902627,0.0
741,0.0,0.0,0.0,0.0,0.0,0.0,0.0,0.0,0.0,0.0
742,0.0206050139668,0.102737123703,0.0,0.037471736006,0.0497174021662,0.000722866314585,0.0,0.111863081892,0.011483341658,0.0
743,0.0,0.0,0.0,0.0,0.0,0.0,0.0,0.0,0.0,0.497229571973
744,0.0,0.0,0.0,0.0,0.0,0.0,0.0,0.0,0.0,0.66297276263
745,0.0,0.0,0.0,0.0,0.0,2.27771963234,0.0,0.369416542029,0.329082098365,0.0
746,0.0,0.0,0.0,0.0,0.0,0.0,0.0,0.0,0.0,0.0
747,0.0607278694886,0.0,0.0,0.0,0.205915814194,0.0453758374285,0.0320662091158,0.0143054076051,0.0,0.0
748,0.0,0.0,0.0,0.0,0.0,0.0,0.0,0.0,0.0,0.0
749,0.0,0.0,0.0,0.0,0.0,0.0,0.0,0.0,0.0,0.0
750,0.0,0.0,0.0,0.0,0.0,0.0,0.0,0.0,0.0,0.0
751,0.0,0.0396939628132,0.0,0.0,0.008725347553,0.0055297264196,0.0,0.0279022346438,0.0400519075119,0.0
752,0.0411066759722,0.0752032415079,0.0,0.0,0.0574106034968,0.0,0.0,0.0,0.0,0.0
753,0.0,0.0,0.0,0.0,0.0,0.0,0.0,0.0,0.0,0.0
754,0.0357161423509,0.0,0.0593137531369,0.0,0.0601481263032,0.0,0.0,0.026165679688,0.0,0.0
755,0.0,0.00182988270165,0.0,0.0460068457228,0.0341098760956,0.0785352461225,0.0,0.0,0.0,0.0
756,0.0,0.00538416546878,0.0,0.00511880795727,0.00909207232176,0.0,0.0,0.00625912210363,0.0,0.0
757,0.0,0.0,0.16741969602,0.771512419648,0.0,2.20167702065,0.0174600652904,0.0829827178144,0.0,4.30427125779e-28
758,0.0,0.0262658164588,0.0,0.0,0.0254918629362,0.0523684170862,0.0,0.0,0.0,0.0
759,0.0,0.0,0.0,0.0,0.0,0.0,0.0,0.0,0.0,0.0
760,0.0,0.0956233910283,0.0,0.0,0.0,0.0,0.0,0.0509539367954,0.0,0.0
761,0.0396285518269,0.0,0.0,0.0,0.0,0.237578089031,0.0,0.163539251012,0.0,1.41862726432e-28
762,0.128656479309,0.0,0.0,0.195768575306,0.0,0.485147028004,0.031492560912,0.0,0.000774530398714,0.0
763,0.0574331700224,0.0,0.0,0.0,0.0456796116034,0.0,0.107700226935,0.0,0.0,5.31763521999e-29
764,0.0,0.0,0.0415284974704,0.0791039610722,0.0978825379836,0.0655054387439,0.0335046801596,0.0343656413621,0.106209342579,0.0
765,0.0,0.0,0.0,0.0,0.0,0.0,0.0,0.0,0.0,0.497229571973
766,0.015355780144,0.019762615982,0.0,0.0,0.133657764695,0.0,0.0,0.0217746486039,0.0,0.0
767,0.0,0.0,0.0,0.0,0.0,0.0,0.0,0.0,0.0,0.497229571973
768,0.176362139315,0.272619228157,0.293690424445,0.0742559130739,0.104020707666,0.391682254157,0.277228422276,0.312639444017,0.266492641173,0.0
769,0.0,0.0,0.0,0.0,0.0,0.0,0.0,0.0,0.0,0.0
770,0.0,0.0,0.0,0.0,0.0,0.0,0.0,0.0,0.0,0.0
771,0.0,0.0,0.0,0.0,0.0784523522285,0.195679801658,0.0,0.0,0.0,2.31478919639e-28
772,0.0,0.0315027196117,0.0120653098144,0.0539478380704,0.0,0.0484728789475,0.0909101487512,0.0,0.0,0.0
