,0
0,8.0
1,3.0
2,14.0
3,5.0
4,4.0
5,32.0
6,10.0
7,5.0
8,16.0
9,7.0
10,6.0
11,9.0
12,11.0
13,9.0
14,6.0
15,5.0
16,5.0
17,4.0
18,5.0
19,8.0
20,16.0
21,44.0
22,5.0
23,4.0
24,9.0
25,3.0
26,14.0
27,18.0
28,4.0
29,10.0
30,8.0
31,3.0
32,10.0
33,140.0
34,6.0
35,7.0
36,6.0
37,9.0
38,7.0
39,14.0
40,27.0
41,10.0
42,7.0
43,37.0
44,11.0
45,6.0
46,6.0
47,4.0
48,3.0
49,3.0
50,5.0
51,3.0
52,7.0
53,4.0
54,4.0
55,5.0
56,4.0
57,9.0
58,4.0
59,23.0
60,6.0
61,22.0
62,33.0
63,5.0
64,4.0
65,6.0
66,4.0
67,4.0
68,56.0
69,19.0
70,5.0
71,5.0
72,5.0
73,3.0
74,5.0
75,2.0
76,5.0
77,4.0
78,12.0
79,6.0
80,5.0
81,4.0
82,18.0
83,5.0
84,10.0
85,9.0
86,10.0
87,5.0
88,3.0
89,6.0
90,4.0
91,4.0
92,4.0
93,5.0
94,3.0
95,5.0
96,3.0
97,9.0
98,3.0
99,3.0
100,4.0
101,3.0
102,16.0
103,7.0
104,30.0
105,20.0
106,8.0
107,21.0
108,18.0
109,5.0
110,8.0
111,2.0
112,8.0
113,27.0
114,39.0
115,5.0
116,4.0
117,22.0
118,4.0
119,4.0
120,5.0
121,7.0
122,5.0
123,1.0
124,5.0
125,11.0
126,13.0
127,7.0
128,13.0
129,10.0
130,4.0
131,7.0
132,1.0
133,12.0
134,4.0
135,5.0
136,8.0
137,6.0
138,4.0
139,4.0
140,5.0
141,3.0
142,6.0
143,6.0
144,10.0
145,7.0
146,5.0
147,8.0
148,5.0
149,4.0
150,27.0
151,4.0
152,6.0
153,6.0
154,5.0
155,27.0
156,2.0
157,8.0
158,4.0
159,8.0
160,3.0
161,54.0
162,5.0
163,2.0
164,37.0
165,27.0
166,3.0
167,5.0
168,5.0
169,6.0
170,11.0
171,3.0
172,5.0
173,5.0
174,26.0
175,7.0
176,6.0
177,47.0
178,6.0
179,28.0
180,5.0
181,11.0
182,9.0
183,31.0
184,6.0
185,9.0
186,4.0
187,46.0
188,37.0
189,9.0
190,24.0
191,6.0
192,18.0
193,5.0
194,4.0
195,19.0
196,4.0
197,2.0
198,3.0
199,8.0
200,7.0
201,5.0
202,3.0
203,39.0
204,3.0
205,4.0
206,8.0
207,5.0
208,7.0
209,6.0
210,5.0
211,14.0
212,10.0
213,5.0
214,7.0
215,8.0
216,3.0
217,3.0
218,6.0
219,5.0
220,6.0
221,9.0
222,17.0
223,3.0
224,3.0
225,5.0
226,42.0
227,13.0
228,5.0
229,12.0
230,32.0
231,3.0
232,4.0
233,6.0
234,5.0
235,5.0
236,4.0
237,19.0
238,17.0
239,9.0
240,6.0
241,9.0
242,6.0
243,3.0
244,6.0
245,3.0
246,6.0
247,5.0
248,11.0
249,3.0
250,12.0
251,5.0
252,24.0
253,6.0
254,6.0
255,4.0
256,50.0
257,7.0
258,6.0
259,4.0
260,5.0
261,7.0
262,4.0
263,5.0
264,17.0
265,3.0
266,18.0
267,3.0
268,10.0
269,2.0
270,10.0
271,5.0
272,4.0
273,4.0
274,4.0
275,6.0
276,11.0
277,7.0
278,8.0
279,10.0
280,5.0
281,8.0
282,5.0
283,4.0
284,5.0
285,7.0
286,4.0
287,2.0
288,5.0
289,10.0
290,12.0
291,5.0
292,21.0
293,6.0
294,3.0
295,7.0
296,4.0
297,5.0
298,5.0
299,16.0
300,8.0
301,4.0
302,5.0
303,4.0
304,9.0
305,3.0
306,9.0
307,37.0
308,7.0
309,4.0
310,4.0
311,7.0
312,33.0
313,10.0
314,6.0
315,7.0
316,9.0
317,45.0
318,9.0
319,4.0
320,5.0
321,3.0
322,11.0
323,18.0
324,26.0
325,9.0
326,7.0
327,2.0
328,5.0
329,13.0
330,4.0
331,16.0
332,4.0
333,18.0
334,5.0
335,5.0
336,6.0
337,5.0
338,4.0
339,2.0
340,3.0
341,7.0
342,8.0
343,3.0
344,17.0
345,6.0
346,2.0
347,4.0
348,6.0
349,3.0
350,16.0
351,4.0
352,3.0
353,12.0
354,24.0
355,25.0
356,3.0
357,4.0
358,5.0
359,41.0
360,5.0
361,8.0
362,40.0
363,5.0
364,6.0
365,15.0
366,8.0
367,6.0
368,4.0
369,9.0
370,11.0
371,5.0
372,7.0
373,3.0
374,5.0
375,5.0
376,12.0
377,6.0
378,19.0
379,56.0
380,10.0
381,10.0
382,4.0
383,9.0
384,3.0
385,25.0
386,6.0
387,12.0
388,15.0
389,6.0
390,9.0
391,42.0
392,5.0
393,6.0
394,6.0
395,3.0
396,6.0
397,5.0
398,3.0
399,9.0
400,51.0
401,5.0
402,14.0
403,6.0
404,4.0
405,3.0
406,5.0
407,13.0
408,3.0
409,23.0
410,15.0
411,32.0
412,5.0
413,8.0
414,8.0
415,5.0
416,11.0
417,5.0
418,6.0
419,8.0
420,4.0
421,6.0
422,8.0
423,20.0
424,4.0
425,16.0
426,8.0
427,7.0
428,5.0
429,10.0
430,8.0
431,4.0
432,7.0
433,5.0
434,4.0
435,4.0
436,6.0
437,11.0
438,6.0
439,3.0
440,5.0
441,13.0
442,5.0
443,7.0
444,12.0
445,7.0
446,10.0
447,5.0
448,6.0
449,9.0
450,9.0
451,10.0
452,2.0
453,4.0
454,21.0
455,5.0
456,13.0
457,16.0
458,11.0
459,23.0
460,4.0
461,5.0
462,91.0
463,3.0
464,8.0
465,11.0
466,10.0
467,46.0
468,5.0
469,8.0
470,3.0
471,4.0
472,6.0
473,74.0
474,6.0
475,7.0
476,11.0
477,5.0
478,40.0
479,7.0
480,4.0
481,21.0
482,4.0
483,7.0
484,3.0
485,1.0
486,11.0
487,5.0
488,6.0
489,4.0
490,9.0
491,9.0
492,5.0
493,7.0
494,12.0
495,10.0
496,4.0
497,9.0
498,6.0
499,13.0
500,14.0
501,9.0
502,6.0
503,14.0
504,4.0
505,4.0
506,17.0
507,60.0
508,25.0
509,8.0
510,8.0
511,6.0
512,6.0
513,9.0
514,26.0
515,4.0
516,3.0
517,4.0
518,5.0
519,6.0
520,11.0
521,5.0
522,3.0
523,50.0
524,2.0
525,19.0
526,3.0
527,3.0
528,3.0
529,17.0
530,7.0
531,4.0
532,4.0
533,10.0
534,7.0
535,2.0
536,6.0
537,2.0
538,9.0
539,17.0
540,22.0
541,19.0
542,9.0
543,4.0
544,7.0
545,58.0
546,4.0
547,5.0
548,11.0
549,7.0
550,5.0
551,5.0
552,6.0
553,7.0
554,33.0
555,5.0
556,10.0
557,47.0
558,5.0
559,55.0
560,5.0
561,7.0
562,6.0
563,2.0
564,8.0
565,5.0
566,4.0
567,12.0
568,7.0
569,7.0
570,5.0
571,22.0
572,19.0
573,5.0
574,4.0
575,5.0
576,41.0
577,3.0
578,7.0
579,8.0
580,8.0
581,29.0
582,10.0
583,3.0
584,6.0
585,4.0
586,7.0
587,14.0
588,6.0
589,3.0
590,6.0
591,8.0
592,109.0
593,38.0
594,9.0
595,11.0
596,21.0
597,36.0
598,10.0
599,6.0
600,4.0
601,14.0
602,6.0
603,4.0
604,9.0
605,5.0
606,9.0
607,6.0
608,7.0
609,10.0
610,17.0
611,4.0
612,6.0
613,29.0
614,7.0
615,7.0
616,9.0
617,13.0
618,3.0
619,17.0
620,6.0
621,3.0
622,4.0
623,4.0
624,7.0
625,8.0
626,14.0
627,22.0
628,5.0
629,4.0
630,2.0
631,4.0
632,21.0
633,8.0
634,7.0
635,4.0
636,14.0
637,3.0
638,7.0
639,3.0
640,4.0
641,9.0
642,5.0
643,4.0
644,75.0
645,7.0
646,6.0
647,23.0
648,5.0
649,4.0
650,19.0
651,46.0
652,4.0
653,3.0
654,12.0
655,17.0
656,7.0
657,4.0
658,8.0
659,6.0
660,5.0
661,9.0
662,15.0
663,4.0
664,18.0
665,11.0
666,6.0
667,9.0
668,2.0
669,4.0
670,4.0
671,26.0
672,4.0
673,18.0
674,3.0
675,8.0
676,8.0
677,5.0
678,5.0
679,9.0
680,30.0
681,7.0
682,16.0
683,10.0
684,4.0
685,4.0
686,20.0
687,19.0
688,15.0
689,11.0
690,3.0
691,4.0
692,8.0
693,9.0
694,3.0
695,18.0
696,3.0
697,6.0
698,20.0
699,3.0
700,14.0
701,4.0
702,9.0
703,9.0
704,5.0
705,6.0
706,13.0
707,5.0
708,13.0
709,21.0
710,17.0
711,5.0
712,29.0
713,53.0
714,12.0
715,3.0
716,3.0
717,11.0
718,3.0
719,9.0
720,10.0
721,5.0
722,13.0
723,13.0
724,6.0
725,19.0
726,5.0
727,61.0
728,21.0
729,4.0
730,4.0
731,13.0
732,5.0
733,22.0
734,5.0
735,5.0
736,5.0
737,11.0
738,3.0
739,18.0
740,29.0
741,4.0
742,9.0
743,12.0
744,14.0
745,3.0
746,5.0
747,19.0
748,8.0
749,9.0
750,15.0
751,29.0
752,20.0
753,6.0
754,9.0
755,9.0
756,8.0
757,4.0
758,4.0
759,7.0
760,8.0
761,3.0
762,6.0
763,2.0
764,6.0
765,8.0
766,6.0
767,2.0
768,3.0
769,9.0
770,46.0
771,56.0
772,7.0
773,7.0
774,13.0
775,13.0
776,6.0
777,29.0
778,2.0
779,8.0
780,11.0
781,20.0
782,4.0
783,5.0
784,5.0
785,22.0
786,14.0
787,3.0
788,19.0
789,6.0
790,4.0
791,8.0
792,8.0
793,5.0
794,23.0
795,6.0
796,5.0
797,5.0
798,4.0
799,7.0
800,5.0
801,6.0
802,4.0
803,4.0
804,5.0
805,9.0
806,13.0
807,7.0
808,7.0
809,5.0
810,5.0
811,8.0
812,3.0
813,24.0
814,4.0
815,12.0
816,9.0
817,4.0
818,3.0
819,31.0
820,4.0
821,2.0
822,14.0
823,4.0
824,4.0
825,7.0
826,6.0
827,12.0
828,3.0
829,3.0
830,5.0
831,5.0
832,5.0
833,3.0
834,6.0
835,7.0
836,9.0
837,7.0
838,17.0
839,17.0
840,8.0
841,4.0
842,5.0
843,4.0
844,11.0
845,11.0
846,5.0
847,5.0
848,3.0
849,4.0
850,20.0
851,4.0
852,2.0
853,41.0
854,6.0
855,10.0
856,2.0
857,4.0
858,9.0
859,5.0
860,1.0
861,3.0
862,3.0
863,32.0
864,5.0
865,98.0
866,24.0
867,33.0
868,6.0
869,4.0
870,4.0
871,7.0
872,47.0
873,6.0
874,4.0
875,4.0
876,17.0
877,18.0
878,9.0
879,3.0
880,5.0
881,5.0
882,9.0
883,3.0
884,4.0
885,22.0
886,28.0
887,4.0
888,3.0
889,6.0
890,22.0
891,7.0
892,10.0
893,30.0
894,23.0
895,30.0
896,8.0
897,6.0
898,35.0
899,9.0
900,5.0
901,3.0
902,8.0
903,4.0
904,41.0
905,4.0
906,6.0
907,7.0
908,9.0
909,7.0
910,18.0
911,8.0
912,8.0
913,6.0
914,2.0
915,3.0
916,11.0
917,6.0
918,4.0
919,3.0
920,9.0
921,7.0
922,3.0
923,5.0
924,6.0
925,3.0
926,7.0
927,10.0
928,21.0
929,3.0
930,8.0
931,9.0
932,6.0
933,6.0
934,5.0
935,5.0
936,11.0
937,7.0
938,1.0
939,10.0
940,6.0
941,9.0
942,9.0
943,6.0
944,4.0
945,9.0
946,15.0
947,18.0
948,5.0
949,2.0
950,28.0
951,7.0
952,6.0
953,5.0
954,6.0
955,8.0
956,5.0
957,39.0
958,28.0
959,14.0
960,1.0
961,5.0
962,7.0
963,22.0
964,5.0
965,5.0
966,14.0
967,7.0
968,15.0
969,9.0
970,4.0
971,18.0
972,20.0
973,3.0
974,2.0
975,8.0
976,3.0
977,6.0
978,25.0
979,11.0
980,6.0
981,5.0
982,6.0
983,6.0
984,4.0
985,8.0
986,8.0
987,5.0
988,8.0
989,26.0
990,8.0
991,7.0
992,4.0
993,5.0
994,14.0
995,13.0
996,9.0
997,4.0
998,12.0
999,17.0
1000,4.0
1001,14.0
1002,19.0
1003,24.0
1004,25.0
1005,6.0
1006,3.0
1007,7.0
1008,4.0
1009,40.0
1010,40.0
1011,20.0
1012,12.0
1013,9.0
1014,10.0
1015,9.0
1016,3.0
1017,13.0
1018,5.0
1019,14.0
1020,6.0
1021,30.0
1022,4.0
1023,5.0
1024,6.0
1025,3.0
1026,7.0
1027,2.0
1028,3.0
1029,5.0
1030,5.0
1031,3.0
1032,5.0
1033,6.0
1034,3.0
1035,19.0
1036,23.0
1037,6.0
1038,5.0
1039,4.0
1040,20.0
1041,44.0
1042,4.0
1043,5.0
1044,12.0
1045,70.0
1046,31.0
1047,6.0
1048,2.0
1049,37.0
1050,8.0
1051,5.0
1052,7.0
1053,43.0
1054,8.0
1055,8.0
1056,6.0
1057,38.0
1058,19.0
1059,16.0
1060,5.0
1061,10.0
1062,5.0
1063,5.0
1064,7.0
1065,4.0
1066,4.0
1067,6.0
1068,4.0
1069,13.0
1070,4.0
1071,5.0
1072,4.0
1073,5.0
1074,9.0
1075,8.0
1076,4.0
1077,3.0
1078,7.0
1079,3.0
1080,4.0
1081,14.0
1082,4.0
1083,23.0
1084,10.0
1085,17.0
1086,3.0
1087,11.0
1088,2.0
1089,6.0
1090,3.0
1091,4.0
1092,4.0
1093,22.0
1094,3.0
1095,4.0
1096,23.0
1097,7.0
1098,5.0
1099,6.0
1100,5.0
1101,11.0
1102,54.0
1103,6.0
1104,9.0
1105,17.0
1106,5.0
1107,39.0
1108,7.0
1109,10.0
1110,13.0
1111,5.0
1112,9.0
1113,13.0
1114,2.0
1115,9.0
1116,17.0
1117,6.0
1118,3.0
1119,16.0
1120,5.0
1121,38.0
1122,6.0
1123,4.0
1124,4.0
1125,6.0
1126,3.0
1127,6.0
1128,14.0
1129,11.0
1130,13.0
1131,5.0
1132,1.0
1133,9.0
1134,5.0
1135,4.0
1136,8.0
1137,5.0
1138,7.0
1139,3.0
1140,2.0
1141,4.0
1142,12.0
1143,4.0
1144,83.0
1145,5.0
1146,18.0
1147,56.0
1148,9.0
1149,6.0
1150,4.0
1151,8.0
1152,22.0
1153,7.0
1154,5.0
1155,7.0
1156,15.0
1157,2.0
1158,11.0
1159,10.0
1160,4.0
1161,8.0
1162,3.0
1163,4.0
1164,11.0
1165,21.0
1166,11.0
1167,6.0
1168,4.0
1169,14.0
1170,4.0
1171,4.0
1172,0.0
1173,10.0
1174,6.0
1175,6.0
1176,16.0
1177,20.0
1178,17.0
1179,7.0
1180,6.0
1181,5.0
1182,28.0
1183,17.0
1184,10.0
1185,10.0
1186,3.0
1187,5.0
1188,2.0
1189,7.0
1190,12.0
1191,20.0
1192,6.0
1193,8.0
1194,5.0
1195,11.0
1196,7.0
1197,7.0
1198,5.0
1199,3.0
1200,2.0
1201,6.0
1202,6.0
1203,2.0
1204,4.0
1205,10.0
1206,4.0
1207,6.0
1208,6.0
1209,10.0
1210,6.0
1211,8.0
1212,5.0
1213,5.0
1214,8.0
1215,54.0
1216,5.0
1217,10.0
1218,2.0
1219,7.0
1220,4.0
1221,15.0
1222,7.0
1223,5.0
1224,8.0
1225,6.0
1226,5.0
1227,3.0
1228,3.0
1229,6.0
1230,15.0
1231,6.0
1232,8.0
1233,13.0
1234,6.0
1235,6.0
1236,5.0
1237,6.0
1238,7.0
1239,17.0
1240,5.0
1241,6.0
1242,7.0
1243,4.0
1244,8.0
1245,7.0
1246,4.0
1247,14.0
1248,5.0
1249,12.0
1250,2.0
1251,7.0
1252,3.0
1253,2.0
1254,4.0
1255,40.0
1256,2.0
1257,16.0
1258,4.0
1259,4.0
1260,4.0
1261,11.0
1262,10.0
1263,11.0
1264,5.0
1265,4.0
1266,7.0
1267,5.0
1268,3.0
1269,6.0
1270,6.0
1271,9.0
1272,4.0
1273,9.0
1274,18.0
1275,5.0
1276,9.0
1277,20.0
1278,23.0
1279,12.0
1280,8.0
1281,8.0
1282,4.0
1283,10.0
1284,4.0
1285,7.0
1286,10.0
1287,4.0
1288,4.0
1289,12.0
1290,3.0
1291,10.0
1292,2.0
1293,5.0
1294,6.0
1295,4.0
1296,22.0
1297,23.0
1298,5.0
1299,4.0
1300,31.0
1301,7.0
1302,4.0
1303,5.0
1304,5.0
1305,9.0
1306,41.0
1307,4.0
1308,3.0
1309,3.0
1310,4.0
1311,24.0
1312,4.0
1313,22.0
1314,3.0
1315,11.0
1316,18.0
1317,3.0
1318,5.0
1319,4.0
1320,11.0
1321,9.0
1322,5.0
1323,2.0
1324,4.0
1325,20.0
1326,3.0
1327,3.0
1328,5.0
1329,15.0
1330,8.0
1331,4.0
1332,14.0
1333,7.0
1334,12.0
1335,11.0
1336,19.0
1337,6.0
1338,4.0
1339,14.0
1340,11.0
1341,4.0
1342,6.0
1343,5.0
1344,4.0
1345,22.0
1346,13.0
1347,5.0
1348,24.0
1349,16.0
1350,6.0
1351,5.0
1352,35.0
1353,8.0
1354,26.0
1355,10.0
1356,10.0
1357,14.0
1358,14.0
1359,5.0
1360,6.0
1361,4.0
1362,6.0
1363,4.0
1364,4.0
1365,5.0
1366,8.0
1367,33.0
1368,7.0
1369,5.0
1370,5.0
1371,4.0
1372,9.0
1373,9.0
1374,9.0
1375,9.0
1376,3.0
1377,3.0
1378,4.0
1379,12.0
1380,11.0
1381,7.0
1382,3.0
1383,5.0
1384,6.0
1385,4.0
1386,11.0
1387,12.0
1388,33.0
1389,8.0
1390,12.0
1391,10.0
1392,8.0
1393,3.0
1394,15.0
1395,10.0
1396,6.0
1397,12.0
1398,4.0
1399,3.0
1400,6.0
1401,7.0
1402,5.0
1403,5.0
1404,8.0
1405,10.0
1406,7.0
1407,6.0
1408,8.0
1409,11.0
1410,6.0
1411,13.0
1412,8.0
1413,7.0
1414,5.0
1415,2.0
1416,14.0
1417,3.0
1418,14.0
1419,6.0
1420,16.0
1421,5.0
1422,6.0
1423,8.0
1424,5.0
1425,4.0
1426,6.0
1427,10.0
1428,5.0
1429,21.0
1430,5.0
1431,5.0
1432,6.0
1433,30.0
1434,7.0
1435,13.0
1436,5.0
1437,7.0
1438,5.0
1439,3.0
1440,5.0
1441,21.0
1442,4.0
1443,3.0
1444,9.0
1445,4.0
1446,4.0
1447,6.0
1448,7.0
1449,6.0
1450,23.0
1451,6.0
1452,3.0
1453,4.0
1454,14.0
1455,5.0
1456,6.0
1457,6.0
1458,4.0
1459,9.0
1460,41.0
1461,12.0
1462,3.0
1463,8.0
1464,9.0
1465,4.0
1466,11.0
1467,11.0
1468,8.0
1469,5.0
1470,3.0
1471,39.0
1472,4.0
1473,9.0
1474,5.0
1475,85.0
1476,13.0
1477,5.0
1478,9.0
1479,18.0
1480,9.0
1481,6.0
1482,8.0
1483,10.0
1484,28.0
1485,11.0
1486,4.0
1487,5.0
1488,26.0
1489,10.0
1490,7.0
1491,3.0
1492,49.0
1493,14.0
1494,7.0
1495,3.0
1496,2.0
1497,12.0
1498,5.0
1499,12.0
1500,7.0
1501,4.0
1502,8.0
1503,13.0
1504,5.0
1505,6.0
1506,6.0
1507,22.0
1508,16.0
1509,11.0
1510,11.0
1511,35.0
1512,5.0
1513,5.0
1514,4.0
1515,4.0
1516,6.0
1517,4.0
1518,4.0
1519,4.0
1520,18.0
1521,6.0
1522,4.0
1523,26.0
1524,5.0
1525,6.0
1526,2.0
1527,12.0
1528,7.0
1529,4.0
1530,5.0
1531,4.0
1532,3.0
1533,5.0
1534,6.0
1535,9.0
1536,7.0
1537,7.0
1538,7.0
1539,5.0
1540,10.0
1541,12.0
1542,12.0
1543,9.0
1544,13.0
1545,7.0
1546,3.0
1547,6.0
1548,5.0
1549,4.0
1550,6.0
1551,50.0
1552,31.0
1553,3.0
1554,8.0
1555,61.0
1556,5.0
1557,10.0
1558,9.0
1559,14.0
1560,4.0
1561,6.0
1562,2.0
1563,36.0
1564,12.0
1565,4.0
1566,20.0
1567,9.0
1568,7.0
1569,9.0
1570,20.0
1571,7.0
1572,14.0
1573,116.0
1574,9.0
1575,7.0
1576,4.0
1577,16.0
1578,5.0
1579,3.0
1580,12.0
1581,2.0
1582,11.0
1583,8.0
1584,4.0
1585,9.0
1586,4.0
1587,4.0
1588,12.0
1589,6.0
1590,6.0
1591,7.0
1592,6.0
1593,4.0
1594,9.0
1595,3.0
1596,7.0
1597,3.0
1598,6.0
1599,3.0
1600,109.0
1601,17.0
1602,4.0
1603,9.0
1604,4.0
1605,7.0
1606,3.0
1607,5.0
1608,4.0
1609,16.0
1610,25.0
1611,8.0
1612,3.0
1613,3.0
1614,4.0
1615,6.0
1616,4.0
1617,13.0
1618,5.0
1619,8.0
1620,25.0
1621,43.0
1622,6.0
1623,5.0
1624,6.0
1625,3.0
1626,6.0
1627,4.0
1628,4.0
1629,2.0
1630,8.0
1631,7.0
1632,4.0
1633,4.0
1634,6.0
1635,5.0
1636,19.0
1637,6.0
1638,2.0
1639,3.0
1640,5.0
1641,4.0
1642,11.0
1643,22.0
1644,2.0
1645,5.0
1646,1.0
1647,4.0
1648,3.0
1649,4.0
1650,5.0
1651,5.0
1652,7.0
1653,22.0
1654,18.0
1655,8.0
1656,4.0
1657,37.0
1658,3.0
1659,27.0
1660,3.0
1661,4.0
1662,4.0
1663,6.0
1664,7.0
1665,6.0
1666,4.0
1667,5.0
1668,4.0
1669,27.0
1670,5.0
1671,3.0
1672,5.0
1673,3.0
1674,5.0
1675,9.0
1676,7.0
1677,9.0
1678,6.0
1679,12.0
1680,8.0
1681,8.0
1682,4.0
1683,4.0
1684,33.0
1685,6.0
1686,4.0
1687,6.0
1688,7.0
1689,4.0
1690,5.0
1691,13.0
1692,12.0
1693,5.0
1694,10.0
1695,19.0
1696,9.0
1697,6.0
1698,5.0
1699,40.0
1700,8.0
1701,3.0
1702,4.0
1703,6.0
1704,11.0
1705,7.0
1706,16.0
1707,2.0
1708,4.0
1709,11.0
1710,4.0
1711,4.0
1712,6.0
1713,5.0
1714,8.0
1715,5.0
1716,30.0
1717,18.0
1718,6.0
1719,3.0
1720,5.0
1721,10.0
1722,36.0
1723,6.0
1724,8.0
1725,6.0
1726,5.0
1727,6.0
1728,3.0
1729,18.0
1730,6.0
1731,29.0
1732,2.0
1733,8.0
1734,9.0
1735,5.0
1736,3.0
1737,37.0
1738,12.0
1739,12.0
1740,5.0
1741,8.0
1742,4.0
1743,6.0
1744,10.0
1745,9.0
1746,14.0
1747,3.0
1748,7.0
1749,10.0
1750,40.0
1751,4.0
1752,28.0
1753,10.0
1754,6.0
1755,29.0
1756,10.0
1757,11.0
1758,9.0
1759,7.0
1760,11.0
1761,4.0
1762,7.0
1763,55.0
1764,4.0
1765,5.0
1766,18.0
1767,12.0
1768,9.0
1769,19.0
1770,7.0
1771,13.0
1772,9.0
1773,12.0
1774,6.0
1775,42.0
1776,4.0
1777,5.0
1778,3.0
1779,2.0
1780,8.0
1781,7.0
1782,5.0
1783,22.0
1784,6.0
1785,10.0
1786,6.0
1787,4.0
1788,7.0
1789,5.0
1790,19.0
1791,5.0
1792,6.0
1793,6.0
1794,4.0
1795,5.0
1796,20.0
1797,7.0
1798,5.0
1799,11.0
1800,5.0
1801,5.0
1802,12.0
1803,2.0
1804,4.0
1805,4.0
1806,26.0
1807,28.0
1808,15.0
1809,4.0
1810,8.0
1811,6.0
1812,25.0
1813,6.0
1814,4.0
1815,31.0
1816,5.0
1817,6.0
1818,13.0
1819,7.0
1820,41.0
1821,3.0
1822,14.0
1823,11.0
1824,6.0
1825,19.0
1826,3.0
1827,16.0
1828,6.0
1829,5.0
1830,6.0
1831,2.0
1832,3.0
1833,6.0
1834,5.0
1835,8.0
1836,3.0
1837,5.0
1838,11.0
1839,11.0
1840,7.0
1841,12.0
1842,2.0
1843,4.0
1844,47.0
1845,3.0
1846,13.0
1847,19.0
1848,4.0
1849,31.0
1850,4.0
1851,49.0
1852,5.0
1853,41.0
1854,3.0
1855,5.0
1856,5.0
1857,10.0
1858,4.0
1859,7.0
1860,16.0
1861,6.0
1862,11.0
1863,5.0
1864,34.0
1865,4.0
1866,22.0
1867,8.0
1868,6.0
1869,6.0
1870,5.0
1871,5.0
1872,5.0
1873,15.0
1874,4.0
1875,7.0
1876,3.0
1877,9.0
1878,8.0
1879,7.0
1880,4.0
1881,14.0
1882,5.0
1883,3.0
1884,23.0
1885,8.0
1886,6.0
1887,9.0
1888,6.0
1889,6.0
1890,7.0
1891,7.0
1892,5.0
1893,7.0
1894,38.0
1895,8.0
1896,5.0
1897,23.0
1898,48.0
1899,22.0
1900,1.0
1901,4.0
1902,9.0
1903,5.0
1904,7.0
1905,3.0
1906,5.0
1907,57.0
1908,8.0
1909,6.0
1910,4.0
1911,3.0
1912,8.0
1913,16.0
1914,4.0
1915,3.0
1916,6.0
1917,4.0
1918,14.0
1919,6.0
1920,17.0
1921,7.0
1922,11.0
1923,4.0
1924,17.0
1925,4.0
1926,5.0
1927,3.0
1928,13.0
1929,15.0
1930,9.0
1931,3.0
1932,9.0
1933,9.0
1934,10.0
1935,7.0
1936,7.0
1937,6.0
1938,4.0
1939,5.0
1940,6.0
1941,4.0
1942,6.0
1943,7.0
1944,5.0
1945,6.0
1946,7.0
1947,9.0
1948,6.0
1949,14.0
1950,5.0
1951,4.0
1952,6.0
1953,10.0
1954,7.0
1955,20.0
1956,6.0
1957,6.0
1958,4.0
1959,5.0
1960,4.0
1961,5.0
1962,5.0
1963,5.0
1964,7.0
1965,7.0
1966,4.0
1967,41.0
1968,7.0
1969,8.0
1970,8.0
1971,8.0
1972,6.0
1973,11.0
1974,13.0
1975,12.0
1976,6.0
1977,5.0
1978,6.0
1979,4.0
1980,16.0
1981,8.0
1982,12.0
1983,11.0
1984,7.0
1985,4.0
1986,0.0
1987,3.0
1988,4.0
1989,9.0
1990,2.0
1991,30.0
1992,6.0
1993,17.0
1994,5.0
1995,7.0
1996,5.0
1997,13.0
1998,15.0
1999,13.0
2000,84.0
2001,4.0
2002,7.0
2003,4.0
2004,30.0
2005,6.0
2006,5.0
2007,5.0
2008,6.0
2009,4.0
2010,4.0
2011,4.0
2012,9.0
2013,1.0
2014,22.0
2015,18.0
2016,5.0
2017,12.0
2018,5.0
2019,4.0
2020,4.0
2021,17.0
2022,7.0
2023,4.0
2024,9.0
2025,14.0
2026,7.0
2027,4.0
2028,16.0
2029,3.0
2030,8.0
2031,10.0
2032,2.0
2033,13.0
2034,8.0
2035,15.0
2036,15.0
2037,6.0
2038,4.0
2039,9.0
2040,7.0
2041,5.0
2042,12.0
2043,3.0
2044,5.0
2045,9.0
2046,10.0
2047,2.0
2048,16.0
2049,3.0
2050,10.0
2051,4.0
2052,6.0
2053,7.0
2054,28.0
2055,20.0
2056,2.0
2057,20.0
2058,4.0
2059,10.0
2060,6.0
2061,4.0
2062,4.0
2063,6.0
2064,5.0
2065,7.0
2066,33.0
2067,3.0
2068,9.0
2069,4.0
2070,7.0
2071,5.0
2072,7.0
2073,7.0
2074,13.0
2075,4.0
2076,14.0
2077,5.0
2078,4.0
2079,15.0
2080,4.0
2081,6.0
2082,10.0
2083,10.0
2084,5.0
2085,6.0
2086,4.0
2087,10.0
2088,7.0
2089,26.0
2090,6.0
2091,5.0
2092,6.0
2093,7.0
2094,11.0
2095,6.0
2096,9.0
2097,5.0
2098,11.0
2099,46.0
2100,5.0
2101,11.0
2102,11.0
2103,4.0
2104,21.0
2105,11.0
2106,30.0
2107,9.0
2108,9.0
2109,4.0
2110,5.0
2111,8.0
2112,59.0
2113,3.0
2114,17.0
2115,8.0
2116,18.0
2117,2.0
2118,7.0
2119,43.0
2120,7.0
2121,73.0
2122,21.0
2123,4.0
2124,2.0
2125,4.0
2126,8.0
2127,6.0
2128,6.0
2129,6.0
2130,11.0
2131,23.0
2132,3.0
2133,7.0
2134,16.0
2135,5.0
2136,6.0
2137,37.0
2138,4.0
2139,3.0
2140,4.0
2141,3.0
2142,6.0
2143,7.0
2144,3.0
2145,5.0
2146,17.0
2147,20.0
2148,9.0
2149,27.0
2150,5.0
2151,3.0
2152,4.0
2153,8.0
2154,7.0
2155,4.0
2156,12.0
2157,21.0
2158,9.0
2159,4.0
2160,13.0
2161,5.0
2162,3.0
2163,7.0
2164,4.0
2165,8.0
2166,7.0
2167,2.0
2168,8.0
2169,5.0
2170,7.0
2171,6.0
2172,44.0
2173,8.0
2174,10.0
2175,20.0
2176,5.0
2177,3.0
2178,2.0
2179,3.0
2180,11.0
2181,2.0
2182,6.0
2183,17.0
2184,5.0
2185,6.0
2186,4.0
2187,4.0
2188,17.0
2189,28.0
2190,4.0
2191,5.0
2192,7.0
2193,5.0
2194,6.0
2195,5.0
2196,5.0
2197,5.0
2198,4.0
2199,4.0
2200,2.0
2201,4.0
2202,7.0
2203,8.0
2204,7.0
2205,4.0
2206,16.0
2207,6.0
2208,4.0
2209,13.0
2210,6.0
2211,6.0
2212,3.0
2213,7.0
2214,2.0
2215,17.0
2216,3.0
2217,4.0
2218,39.0
2219,4.0
2220,2.0
2221,3.0
2222,3.0
2223,4.0
2224,7.0
2225,4.0
2226,20.0
2227,8.0
2228,7.0
2229,7.0
2230,11.0
2231,6.0
2232,4.0
2233,7.0
2234,12.0
2235,3.0
2236,4.0
2237,4.0
2238,22.0
2239,9.0
2240,6.0
2241,4.0
2242,5.0
2243,16.0
2244,77.0
2245,3.0
2246,7.0
2247,11.0
2248,5.0
2249,4.0
2250,7.0
2251,4.0
2252,13.0
2253,15.0
2254,4.0
2255,5.0
2256,39.0
2257,4.0
2258,4.0
2259,7.0
2260,3.0
2261,4.0
2262,17.0
2263,12.0
2264,22.0
2265,6.0
2266,12.0
2267,27.0
2268,16.0
2269,7.0
2270,16.0
2271,5.0
2272,3.0
2273,11.0
2274,5.0
2275,9.0
2276,1.0
2277,5.0
2278,6.0
2279,10.0
2280,12.0
2281,7.0
2282,7.0
2283,32.0
2284,9.0
2285,9.0
2286,4.0
2287,2.0
2288,6.0
2289,6.0
2290,22.0
2291,3.0
2292,6.0
2293,3.0
2294,9.0
2295,7.0
2296,10.0
2297,35.0
2298,2.0
2299,4.0
2300,9.0
2301,2.0
2302,7.0
2303,7.0
2304,4.0
2305,6.0
2306,5.0
2307,6.0
2308,12.0
2309,11.0
2310,3.0
2311,5.0
2312,12.0
2313,6.0
2314,21.0
2315,4.0
2316,6.0
2317,7.0
2318,9.0
2319,13.0
2320,4.0
2321,3.0
2322,4.0
2323,4.0
2324,13.0
2325,14.0
2326,6.0
2327,5.0
2328,3.0
2329,7.0
2330,36.0
2331,3.0
2332,4.0
2333,4.0
2334,10.0
2335,10.0
2336,3.0
2337,3.0
2338,9.0
2339,5.0
2340,5.0
2341,5.0
2342,10.0
2343,6.0
2344,15.0
2345,12.0
2346,5.0
2347,5.0
2348,4.0
2349,11.0
2350,3.0
2351,14.0
2352,11.0
2353,3.0
2354,5.0
2355,7.0
2356,14.0
2357,5.0
2358,5.0
2359,7.0
2360,4.0
2361,12.0
2362,7.0
2363,57.0
2364,4.0
2365,15.0
2366,5.0
2367,3.0
2368,5.0
2369,13.0
2370,8.0
2371,5.0
2372,13.0
2373,5.0
2374,5.0
2375,5.0
2376,6.0
2377,16.0
2378,10.0
2379,8.0
2380,8.0
2381,4.0
2382,4.0
2383,11.0
2384,3.0
2385,4.0
2386,4.0
2387,5.0
2388,7.0
2389,45.0
2390,12.0
2391,9.0
2392,5.0
2393,17.0
2394,8.0
2395,21.0
2396,15.0
2397,9.0
2398,3.0
2399,18.0
2400,1.0
2401,13.0
2402,13.0
2403,9.0
2404,28.0
2405,8.0
2406,13.0
2407,5.0
2408,5.0
2409,5.0
2410,3.0
2411,8.0
2412,19.0
2413,6.0
2414,2.0
2415,4.0
2416,7.0
2417,2.0
2418,6.0
2419,4.0
2420,6.0
2421,32.0
2422,10.0
2423,7.0
2424,4.0
2425,9.0
2426,4.0
2427,4.0
2428,3.0
2429,4.0
2430,56.0
2431,5.0
2432,10.0
2433,25.0
2434,5.0
2435,4.0
2436,3.0
2437,12.0
2438,5.0
2439,5.0
2440,8.0
2441,4.0
2442,9.0
2443,8.0
2444,7.0
2445,5.0
2446,5.0
2447,4.0
2448,9.0
2449,9.0
2450,6.0
2451,5.0
2452,8.0
2453,8.0
2454,11.0
2455,21.0
2456,8.0
2457,15.0
2458,5.0
2459,5.0
2460,7.0
2461,3.0
2462,2.0
2463,6.0
2464,4.0
2465,7.0
2466,5.0
2467,6.0
2468,12.0
2469,7.0
2470,5.0
2471,5.0
2472,43.0
2473,10.0
2474,4.0
2475,8.0
2476,11.0
2477,24.0
2478,22.0
2479,12.0
2480,6.0
2481,15.0
2482,4.0
2483,9.0
2484,51.0
2485,8.0
2486,11.0
2487,4.0
2488,4.0
2489,4.0
2490,12.0
2491,5.0
2492,7.0
2493,16.0
2494,37.0
2495,5.0
2496,7.0
2497,11.0
2498,4.0
2499,3.0
2500,4.0
2501,6.0
2502,30.0
2503,12.0
2504,4.0
2505,5.0
2506,3.0
2507,16.0
2508,33.0
2509,5.0
2510,8.0
2511,8.0
2512,26.0
2513,23.0
2514,7.0
2515,2.0
2516,34.0
2517,5.0
2518,3.0
2519,20.0
2520,5.0
2521,10.0
2522,5.0
2523,5.0
2524,18.0
2525,20.0
2526,8.0
2527,32.0
2528,4.0
2529,18.0
2530,14.0
2531,10.0
2532,14.0
2533,9.0
2534,4.0
2535,10.0
2536,5.0
2537,5.0
2538,4.0
2539,5.0
2540,18.0
2541,5.0
2542,6.0
2543,4.0
2544,5.0
2545,9.0
2546,20.0
2547,20.0
2548,3.0
2549,3.0
2550,9.0
2551,26.0
2552,7.0
2553,9.0
2554,4.0
2555,14.0
2556,7.0
2557,22.0
2558,2.0
2559,7.0
2560,8.0
2561,10.0
2562,40.0
2563,7.0
2564,5.0
2565,6.0
2566,6.0
2567,42.0
2568,37.0
2569,6.0
2570,6.0
2571,7.0
2572,4.0
2573,9.0
2574,17.0
2575,5.0
2576,7.0
2577,17.0
2578,9.0
2579,8.0
2580,9.0
2581,7.0
2582,4.0
2583,21.0
2584,4.0
2585,35.0
2586,4.0
2587,6.0
2588,24.0
2589,7.0
2590,3.0
2591,3.0
2592,10.0
2593,3.0
2594,24.0
2595,22.0
2596,3.0
2597,49.0
2598,2.0
2599,4.0
2600,7.0
2601,16.0
2602,3.0
2603,4.0
2604,4.0
2605,5.0
2606,11.0
2607,5.0
2608,10.0
2609,20.0
2610,5.0
2611,5.0
2612,22.0
2613,17.0
2614,2.0
2615,5.0
2616,13.0
2617,6.0
2618,6.0
2619,12.0
2620,8.0
2621,6.0
2622,6.0
2623,5.0
2624,4.0
2625,18.0
2626,22.0
2627,9.0
2628,4.0
2629,7.0
2630,11.0
2631,12.0
2632,6.0
2633,6.0
2634,3.0
2635,5.0
2636,7.0
2637,5.0
2638,4.0
2639,7.0
2640,4.0
2641,3.0
2642,10.0
2643,15.0
2644,4.0
2645,9.0
2646,5.0
2647,4.0
2648,9.0
2649,3.0
2650,10.0
2651,13.0
2652,15.0
2653,4.0
2654,6.0
2655,5.0
2656,22.0
2657,9.0
2658,3.0
2659,5.0
2660,16.0
2661,19.0
2662,10.0
2663,3.0
2664,6.0
2665,6.0
2666,38.0
2667,4.0
2668,5.0
2669,4.0
2670,7.0
2671,4.0
2672,3.0
2673,5.0
2674,5.0
2675,3.0
2676,15.0
2677,4.0
2678,5.0
2679,4.0
2680,3.0
2681,16.0
2682,2.0
2683,4.0
2684,53.0
2685,8.0
2686,20.0
2687,54.0
2688,16.0
2689,5.0
2690,15.0
2691,12.0
2692,5.0
2693,5.0
2694,6.0
2695,16.0
2696,4.0
2697,7.0
2698,2.0
2699,23.0
2700,6.0
2701,11.0
2702,4.0
2703,47.0
2704,13.0
2705,6.0
2706,4.0
2707,39.0
2708,5.0
2709,15.0
2710,18.0
2711,3.0
2712,4.0
2713,22.0
2714,9.0
2715,6.0
2716,5.0
2717,10.0
2718,30.0
2719,10.0
2720,18.0
2721,3.0
2722,8.0
2723,6.0
2724,11.0
2725,17.0
2726,33.0
2727,21.0
2728,5.0
2729,4.0
2730,2.0
2731,4.0
2732,8.0
2733,3.0
2734,8.0
2735,5.0
2736,11.0
2737,6.0
2738,18.0
2739,18.0
2740,5.0
2741,7.0
2742,14.0
2743,11.0
2744,32.0
2745,5.0
2746,33.0
2747,6.0
2748,4.0
2749,25.0
2750,6.0
2751,3.0
2752,16.0
2753,4.0
2754,9.0
2755,7.0
2756,7.0
2757,8.0
2758,10.0
2759,12.0
2760,50.0
2761,9.0
2762,3.0
2763,4.0
2764,7.0
2765,6.0
2766,7.0
2767,4.0
2768,6.0
2769,15.0
2770,5.0
2771,4.0
2772,3.0
2773,11.0
2774,53.0
2775,3.0
2776,50.0
2777,2.0
2778,7.0
2779,5.0
2780,4.0
2781,11.0
2782,5.0
2783,4.0
2784,4.0
2785,4.0
2786,3.0
2787,7.0
2788,7.0
2789,1.0
2790,3.0
2791,14.0
2792,9.0
2793,16.0
2794,5.0
2795,17.0
2796,11.0
2797,5.0
2798,5.0
2799,14.0
2800,37.0
2801,5.0
2802,6.0
2803,25.0
2804,6.0
2805,4.0
2806,4.0
2807,50.0
2808,7.0
2809,7.0
2810,13.0
2811,5.0
2812,5.0
2813,8.0
2814,5.0
2815,15.0
2816,6.0
2817,10.0
2818,6.0
2819,6.0
2820,6.0
2821,3.0
2822,4.0
2823,3.0
2824,5.0
2825,5.0
2826,5.0
2827,19.0
2828,12.0
2829,28.0
2830,28.0
2831,5.0
2832,5.0
2833,48.0
2834,16.0
2835,3.0
2836,4.0
2837,6.0
2838,5.0
2839,15.0
2840,3.0
2841,3.0
2842,9.0
2843,4.0
2844,9.0
2845,4.0
2846,8.0
2847,9.0
2848,5.0
2849,6.0
2850,9.0
2851,4.0
2852,1.0
2853,13.0
2854,6.0
2855,11.0
2856,3.0
2857,6.0
2858,6.0
2859,8.0
2860,20.0
2861,4.0
2862,28.0
2863,2.0
2864,4.0
2865,12.0
2866,7.0
2867,5.0
2868,5.0
2869,3.0
2870,5.0
2871,10.0
2872,77.0
2873,3.0
2874,7.0
2875,4.0
2876,7.0
2877,46.0
2878,5.0
2879,11.0
2880,3.0
2881,4.0
2882,17.0
2883,40.0
2884,4.0
2885,5.0
2886,4.0
2887,7.0
2888,2.0
2889,42.0
2890,3.0
2891,4.0
2892,4.0
2893,10.0
2894,3.0
2895,8.0
2896,34.0
2897,5.0
2898,9.0
2899,6.0
2900,6.0
2901,7.0
2902,8.0
2903,2.0
2904,8.0
2905,5.0
2906,22.0
2907,4.0
2908,4.0
2909,3.0
2910,28.0
2911,6.0
2912,8.0
2913,15.0
2914,12.0
2915,12.0
2916,4.0
2917,15.0
2918,5.0
2919,8.0
2920,7.0
2921,4.0
2922,23.0
2923,6.0
2924,5.0
2925,12.0
2926,6.0
2927,5.0
2928,6.0
2929,7.0
2930,7.0
2931,4.0
2932,5.0
2933,6.0
2934,7.0
2935,7.0
2936,3.0
2937,12.0
2938,3.0
2939,4.0
2940,14.0
2941,4.0
2942,17.0
2943,14.0
2944,10.0
2945,11.0
2946,5.0
2947,2.0
2948,4.0
2949,2.0
2950,2.0
2951,5.0
2952,4.0
2953,4.0
2954,5.0
2955,7.0
2956,5.0
2957,7.0
2958,7.0
2959,4.0
2960,5.0
2961,3.0
2962,4.0
2963,4.0
2964,6.0
2965,6.0
2966,57.0
2967,0.0
2968,14.0
2969,5.0
2970,5.0
2971,25.0
2972,5.0
2973,7.0
2974,13.0
2975,14.0
2976,81.0
2977,44.0
2978,7.0
2979,4.0
2980,3.0
2981,7.0
2982,4.0
2983,19.0
2984,9.0
2985,7.0
2986,5.0
2987,4.0
2988,20.0
2989,7.0
2990,12.0
2991,8.0
2992,26.0
2993,7.0
2994,5.0
2995,3.0
2996,16.0
2997,5.0
2998,12.0
2999,3.0
3000,5.0
3001,5.0
3002,4.0
3003,4.0
3004,7.0
3005,16.0
3006,11.0
3007,10.0
3008,7.0
3009,2.0
3010,2.0
3011,1.0
3012,14.0
3013,25.0
3014,4.0
3015,22.0
3016,7.0
3017,5.0
3018,10.0
3019,6.0
3020,8.0
3021,12.0
3022,4.0
3023,2.0
3024,7.0
3025,9.0
3026,6.0
3027,3.0
3028,5.0
3029,15.0
3030,9.0
3031,8.0
3032,8.0
3033,14.0
3034,10.0
3035,17.0
3036,10.0
3037,3.0
3038,14.0
3039,3.0
3040,7.0
3041,6.0
3042,5.0
3043,11.0
3044,7.0
3045,4.0
3046,7.0
3047,12.0
3048,7.0
3049,6.0
3050,4.0
3051,6.0
3052,6.0
3053,12.0
3054,4.0
3055,16.0
3056,20.0
3057,7.0
3058,8.0
3059,5.0
3060,9.0
3061,13.0
3062,4.0
3063,4.0
3064,3.0
3065,9.0
3066,5.0
3067,4.0
3068,8.0
3069,6.0
3070,22.0
3071,28.0
3072,5.0
3073,16.0
3074,26.0
3075,8.0
3076,7.0
3077,7.0
3078,8.0
3079,3.0
3080,5.0
3081,12.0
3082,10.0
3083,6.0
3084,70.0
3085,4.0
3086,2.0
3087,36.0
3088,5.0
3089,6.0
3090,5.0
3091,44.0
3092,16.0
3093,3.0
3094,11.0
3095,11.0
3096,5.0
3097,1.0
3098,22.0
3099,5.0
3100,4.0
3101,7.0
3102,2.0
3103,14.0
3104,7.0
3105,5.0
3106,5.0
3107,14.0
3108,1.0
3109,33.0
3110,12.0
3111,11.0
3112,5.0
3113,10.0
3114,13.0
3115,10.0
3116,13.0
3117,4.0
3118,4.0
3119,3.0
3120,7.0
3121,4.0
3122,4.0
3123,14.0
3124,7.0
3125,37.0
3126,9.0
3127,7.0
3128,6.0
3129,4.0
3130,5.0
3131,5.0
3132,7.0
3133,5.0
3134,7.0
3135,9.0
3136,4.0
3137,11.0
3138,8.0
3139,13.0
3140,2.0
3141,6.0
3142,4.0
3143,6.0
3144,7.0
3145,4.0
3146,4.0
3147,16.0
3148,27.0
3149,9.0
3150,5.0
3151,7.0
3152,33.0
3153,6.0
3154,7.0
3155,6.0
3156,5.0
3157,13.0
3158,6.0
3159,8.0
3160,7.0
3161,19.0
3162,2.0
3163,4.0
3164,8.0
3165,4.0
3166,28.0
3167,4.0
3168,5.0
3169,7.0
3170,17.0
3171,7.0
3172,8.0
3173,6.0
3174,8.0
3175,13.0
3176,4.0
3177,6.0
3178,32.0
3179,16.0
3180,7.0
3181,30.0
3182,14.0
3183,11.0
3184,4.0
3185,8.0
3186,6.0
3187,12.0
3188,34.0
3189,11.0
3190,6.0
3191,8.0
3192,5.0
3193,7.0
3194,8.0
3195,26.0
3196,5.0
3197,5.0
3198,5.0
3199,12.0
3200,3.0
3201,6.0
3202,13.0
3203,12.0
3204,6.0
3205,2.0
3206,12.0
3207,12.0
3208,4.0
3209,5.0
3210,3.0
3211,15.0
3212,4.0
3213,4.0
3214,3.0
3215,7.0
3216,3.0
3217,4.0
3218,5.0
3219,4.0
3220,9.0
3221,5.0
3222,8.0
3223,2.0
3224,11.0
3225,5.0
3226,6.0
3227,4.0
3228,11.0
3229,9.0
3230,30.0
3231,5.0
3232,12.0
3233,7.0
3234,6.0
3235,15.0
3236,3.0
3237,5.0
3238,4.0
3239,5.0
3240,5.0
3241,10.0
3242,2.0
3243,4.0
3244,14.0
3245,4.0
3246,3.0
3247,5.0
3248,18.0
3249,3.0
3250,5.0
3251,4.0
3252,3.0
3253,7.0
3254,2.0
3255,3.0
3256,4.0
3257,5.0
3258,5.0
3259,29.0
3260,23.0
3261,3.0
3262,3.0
3263,13.0
3264,4.0
3265,9.0
3266,3.0
3267,9.0
3268,6.0
3269,6.0
3270,16.0
3271,4.0
3272,8.0
3273,7.0
3274,17.0
3275,15.0
3276,7.0
3277,4.0
3278,4.0
3279,3.0
3280,4.0
3281,15.0
3282,13.0
3283,8.0
3284,22.0
3285,7.0
3286,11.0
3287,13.0
3288,4.0
3289,6.0
3290,5.0
3291,3.0
3292,12.0
3293,7.0
3294,5.0
3295,8.0
3296,6.0
3297,12.0
3298,3.0
3299,9.0
3300,8.0
3301,6.0
3302,19.0
3303,2.0
3304,5.0
3305,9.0
3306,4.0
3307,13.0
3308,5.0
3309,20.0
3310,13.0
3311,5.0
3312,3.0
3313,4.0
3314,6.0
3315,7.0
3316,17.0
3317,12.0
3318,23.0
3319,14.0
3320,10.0
3321,7.0
3322,6.0
3323,18.0
3324,5.0
3325,37.0
3326,4.0
3327,5.0
3328,3.0
3329,5.0
3330,3.0
3331,15.0
3332,5.0
3333,6.0
3334,15.0
3335,5.0
3336,22.0
3337,6.0
3338,4.0
3339,12.0
3340,2.0
3341,22.0
3342,5.0
3343,10.0
3344,4.0
3345,7.0
3346,6.0
3347,11.0
3348,13.0
3349,6.0
3350,4.0
3351,6.0
3352,6.0
3353,5.0
3354,4.0
3355,5.0
3356,4.0
3357,5.0
3358,6.0
3359,12.0
3360,6.0
3361,11.0
3362,3.0
3363,11.0
3364,5.0
3365,7.0
3366,10.0
3367,10.0
3368,24.0
3369,46.0
3370,27.0
3371,9.0
3372,4.0
3373,4.0
3374,4.0
3375,5.0
3376,3.0
3377,3.0
3378,18.0
3379,5.0
3380,97.0
3381,12.0
3382,5.0
3383,4.0
3384,18.0
3385,17.0
3386,7.0
3387,8.0
3388,7.0
3389,4.0
3390,4.0
3391,6.0
3392,5.0
3393,6.0
3394,6.0
3395,5.0
3396,4.0
3397,29.0
3398,4.0
3399,3.0
3400,7.0
3401,10.0
3402,5.0
3403,35.0
3404,7.0
3405,12.0
3406,6.0
3407,3.0
3408,117.0
3409,13.0
3410,4.0
3411,9.0
3412,7.0
3413,4.0
3414,5.0
3415,13.0
3416,7.0
3417,6.0
3418,6.0
3419,4.0
3420,8.0
3421,14.0
3422,16.0
3423,6.0
3424,12.0
3425,11.0
3426,6.0
3427,6.0
3428,7.0
3429,5.0
3430,20.0
3431,5.0
3432,25.0
3433,7.0
3434,4.0
3435,3.0
3436,22.0
3437,5.0
3438,6.0
3439,4.0
3440,8.0
3441,10.0
3442,3.0
3443,3.0
3444,33.0
3445,48.0
3446,2.0
3447,4.0
3448,5.0
3449,11.0
3450,9.0
3451,4.0
3452,5.0
3453,4.0
3454,13.0
3455,3.0
3456,48.0
3457,3.0
3458,3.0
3459,30.0
3460,11.0
3461,50.0
3462,25.0
3463,5.0
3464,9.0
3465,31.0
3466,6.0
3467,5.0
3468,6.0
3469,5.0
3470,3.0
3471,5.0
3472,2.0
3473,6.0
3474,7.0
3475,4.0
3476,4.0
3477,22.0
3478,11.0
3479,26.0
3480,6.0
3481,10.0
3482,3.0
3483,8.0
3484,10.0
3485,6.0
3486,31.0
3487,6.0
3488,5.0
3489,15.0
3490,2.0
3491,3.0
3492,3.0
3493,13.0
3494,6.0
3495,10.0
3496,5.0
3497,4.0
3498,36.0
3499,5.0
3500,8.0
3501,14.0
3502,4.0
3503,5.0
3504,5.0
3505,6.0
3506,7.0
3507,2.0
3508,7.0
3509,5.0
3510,6.0
3511,25.0
3512,5.0
3513,15.0
3514,11.0
3515,13.0
3516,5.0
3517,30.0
3518,5.0
3519,15.0
3520,4.0
3521,39.0
3522,6.0
3523,8.0
3524,82.0
3525,4.0
3526,3.0
3527,4.0
3528,22.0
3529,7.0
3530,15.0
3531,5.0
3532,5.0
3533,6.0
3534,6.0
3535,6.0
3536,4.0
3537,4.0
3538,5.0
3539,6.0
3540,13.0
3541,4.0
3542,4.0
3543,4.0
3544,7.0
3545,19.0
3546,13.0
3547,7.0
3548,4.0
3549,15.0
3550,5.0
3551,4.0
3552,7.0
3553,4.0
3554,5.0
3555,11.0
3556,4.0
3557,7.0
3558,2.0
3559,9.0
3560,15.0
3561,8.0
3562,5.0
3563,14.0
3564,10.0
3565,9.0
3566,7.0
3567,3.0
3568,7.0
3569,10.0
3570,8.0
3571,9.0
3572,3.0
3573,7.0
3574,4.0
3575,11.0
3576,5.0
3577,8.0
3578,6.0
3579,6.0
3580,4.0
3581,5.0
3582,5.0
3583,5.0
3584,6.0
3585,19.0
3586,4.0
3587,32.0
3588,27.0
3589,5.0
3590,3.0
3591,4.0
3592,3.0
3593,4.0
3594,4.0
3595,24.0
3596,6.0
3597,7.0
3598,5.0
3599,3.0
3600,2.0
3601,7.0
3602,7.0
3603,8.0
3604,4.0
3605,6.0
3606,17.0
3607,7.0
3608,30.0
3609,4.0
3610,4.0
3611,11.0
3612,10.0
3613,3.0
3614,5.0
3615,4.0
3616,9.0
3617,5.0
3618,77.0
3619,9.0
3620,7.0
3621,7.0
3622,4.0
3623,7.0
3624,8.0
3625,24.0
3626,6.0
3627,4.0
3628,8.0
3629,6.0
3630,7.0
3631,17.0
3632,1.0
3633,26.0
3634,4.0
3635,5.0
3636,25.0
3637,5.0
3638,4.0
3639,5.0
3640,13.0
3641,9.0
3642,9.0
3643,3.0
3644,21.0
3645,39.0
3646,14.0
3647,17.0
3648,4.0
3649,3.0
3650,6.0
3651,8.0
3652,13.0
3653,6.0
3654,3.0
3655,10.0
3656,36.0
3657,12.0
3658,3.0
3659,4.0
3660,8.0
3661,4.0
3662,4.0
3663,4.0
3664,6.0
3665,8.0
3666,18.0
3667,11.0
3668,8.0
3669,7.0
3670,4.0
3671,7.0
3672,6.0
3673,21.0
3674,4.0
3675,9.0
3676,20.0
3677,5.0
3678,12.0
3679,5.0
3680,10.0
3681,7.0
3682,4.0
3683,5.0
3684,21.0
3685,10.0
3686,32.0
3687,8.0
3688,9.0
3689,11.0
3690,5.0
3691,4.0
3692,50.0
3693,13.0
3694,6.0
3695,69.0
3696,4.0
3697,4.0
3698,4.0
3699,7.0
3700,4.0
3701,5.0
3702,15.0
3703,5.0
3704,9.0
3705,8.0
3706,8.0
3707,3.0
3708,16.0
3709,17.0
3710,13.0
3711,6.0
3712,15.0
3713,11.0
3714,10.0
3715,8.0
3716,21.0
3717,4.0
3718,6.0
3719,2.0
3720,12.0
3721,7.0
3722,10.0
3723,5.0
3724,3.0
3725,13.0
3726,5.0
3727,6.0
3728,6.0
3729,10.0
3730,11.0
3731,7.0
3732,12.0
3733,7.0
3734,7.0
3735,13.0
3736,7.0
3737,19.0
3738,4.0
3739,4.0
3740,4.0
3741,23.0
3742,5.0
3743,8.0
3744,25.0
3745,7.0
3746,5.0
3747,4.0
3748,10.0
3749,6.0
3750,6.0
3751,3.0
3752,5.0
3753,17.0
3754,8.0
3755,5.0
3756,9.0
3757,3.0
3758,8.0
3759,6.0
3760,4.0
3761,4.0
3762,6.0
3763,4.0
3764,13.0
3765,16.0
3766,11.0
3767,4.0
3768,13.0
3769,35.0
3770,12.0
3771,6.0
3772,4.0
3773,9.0
3774,16.0
3775,5.0
3776,5.0
3777,9.0
3778,3.0
3779,15.0
3780,10.0
3781,16.0
3782,21.0
3783,33.0
3784,10.0
3785,43.0
3786,7.0
3787,7.0
3788,9.0
3789,12.0
3790,3.0
3791,3.0
3792,11.0
3793,5.0
3794,2.0
3795,7.0
3796,4.0
3797,13.0
3798,6.0
3799,5.0
3800,5.0
3801,16.0
3802,7.0
3803,29.0
3804,27.0
3805,14.0
3806,9.0
3807,46.0
3808,3.0
3809,16.0
3810,12.0
3811,3.0
3812,14.0
3813,4.0
3814,23.0
3815,5.0
3816,3.0
3817,18.0
3818,10.0
3819,15.0
3820,3.0
3821,6.0
3822,10.0
3823,7.0
3824,6.0
3825,5.0
3826,25.0
3827,20.0
3828,10.0
3829,6.0
3830,4.0
3831,8.0
3832,3.0
3833,6.0
3834,16.0
3835,7.0
3836,11.0
3837,12.0
3838,4.0
3839,11.0
3840,10.0
3841,4.0
3842,61.0
3843,6.0
3844,8.0
3845,7.0
3846,5.0
3847,12.0
3848,6.0
3849,7.0
3850,4.0
3851,4.0
3852,5.0
3853,6.0
3854,4.0
3855,4.0
3856,3.0
3857,5.0
3858,5.0
3859,8.0
3860,5.0
3861,7.0
3862,4.0
3863,9.0
3864,16.0
3865,103.0
3866,7.0
3867,4.0
3868,12.0
3869,5.0
3870,6.0
3871,70.0
3872,23.0
3873,6.0
3874,5.0
3875,6.0
3876,16.0
3877,27.0
3878,6.0
3879,7.0
3880,2.0
3881,7.0
3882,5.0
3883,3.0
3884,6.0
3885,4.0
3886,31.0
3887,11.0
3888,3.0
3889,62.0
3890,7.0
3891,7.0
3892,25.0
3893,15.0
3894,6.0
3895,9.0
3896,6.0
3897,19.0
3898,5.0
3899,9.0
3900,4.0
3901,3.0
3902,10.0
3903,7.0
3904,4.0
3905,17.0
3906,5.0
3907,5.0
3908,15.0
3909,5.0
3910,6.0
3911,6.0
3912,15.0
3913,5.0
3914,26.0
3915,6.0
3916,4.0
3917,66.0
3918,3.0
3919,22.0
3920,17.0
3921,13.0
3922,5.0
3923,16.0
3924,33.0
3925,8.0
3926,14.0
3927,3.0
3928,3.0
3929,12.0
3930,15.0
3931,8.0
3932,5.0
3933,12.0
3934,5.0
3935,8.0
3936,20.0
3937,7.0
3938,4.0
3939,6.0
3940,8.0
3941,4.0
3942,5.0
3943,4.0
3944,70.0
3945,10.0
3946,8.0
3947,3.0
3948,12.0
3949,5.0
3950,5.0
3951,33.0
3952,9.0
3953,20.0
3954,3.0
3955,12.0
3956,6.0
3957,25.0
3958,11.0
3959,8.0
3960,6.0
3961,4.0
3962,13.0
3963,5.0
3964,5.0
3965,12.0
3966,3.0
3967,3.0
3968,13.0
3969,5.0
3970,9.0
3971,4.0
3972,11.0
3973,5.0
3974,6.0
3975,32.0
3976,4.0
3977,8.0
3978,5.0
3979,4.0
3980,9.0
3981,7.0
3982,2.0
3983,4.0
3984,13.0
3985,9.0
3986,5.0
3987,3.0
3988,16.0
3989,7.0
3990,4.0
3991,6.0
3992,10.0
3993,6.0
3994,3.0
3995,4.0
3996,9.0
3997,12.0
3998,5.0
3999,4.0
4000,5.0
4001,3.0
4002,3.0
4003,7.0
4004,17.0
4005,3.0
4006,8.0
4007,5.0
4008,4.0
4009,32.0
4010,6.0
4011,2.0
4012,3.0
4013,4.0
4014,4.0
4015,49.0
4016,4.0
4017,9.0
4018,8.0
4019,4.0
4020,5.0
4021,3.0
4022,6.0
4023,25.0
4024,4.0
4025,4.0
4026,2.0
4027,9.0
4028,7.0
4029,11.0
4030,5.0
4031,14.0
4032,14.0
4033,4.0
4034,6.0
4035,15.0
4036,19.0
4037,6.0
4038,13.0
4039,4.0
4040,15.0
4041,2.0
4042,4.0
4043,4.0
4044,12.0
4045,19.0
4046,6.0
4047,18.0
4048,34.0
4049,12.0
4050,5.0
4051,4.0
4052,5.0
4053,6.0
4054,5.0
4055,5.0
4056,6.0
4057,3.0
4058,5.0
4059,14.0
4060,4.0
4061,12.0
4062,5.0
4063,12.0
4064,4.0
4065,4.0
4066,5.0
4067,8.0
4068,2.0
4069,4.0
4070,4.0
4071,3.0
4072,3.0
4073,6.0
4074,20.0
4075,10.0
4076,7.0
4077,76.0
4078,6.0
4079,14.0
4080,14.0
4081,38.0
4082,3.0
4083,10.0
4084,16.0
4085,5.0
4086,3.0
4087,10.0
4088,6.0
4089,26.0
4090,4.0
4091,6.0
4092,33.0
4093,11.0
4094,4.0
4095,5.0
4096,4.0
4097,39.0
4098,6.0
4099,4.0
4100,35.0
4101,18.0
4102,3.0
4103,9.0
4104,6.0
4105,10.0
4106,7.0
4107,3.0
4108,4.0
4109,6.0
4110,30.0
4111,30.0
4112,11.0
4113,5.0
4114,3.0
4115,5.0
4116,7.0
4117,25.0
4118,5.0
4119,5.0
4120,5.0
4121,8.0
4122,3.0
4123,6.0
4124,6.0
4125,6.0
4126,9.0
4127,16.0
4128,11.0
4129,4.0
4130,69.0
4131,48.0
4132,9.0
4133,41.0
4134,4.0
4135,14.0
4136,4.0
4137,9.0
4138,9.0
4139,3.0
4140,9.0
4141,5.0
4142,5.0
4143,3.0
4144,4.0
4145,3.0
4146,6.0
4147,3.0
4148,10.0
4149,27.0
4150,12.0
4151,7.0
4152,7.0
4153,13.0
4154,3.0
4155,8.0
4156,18.0
4157,29.0
4158,3.0
4159,4.0
4160,5.0
4161,21.0
4162,11.0
4163,9.0
4164,47.0
4165,10.0
4166,11.0
4167,28.0
4168,3.0
4169,6.0
4170,11.0
4171,5.0
4172,1.0
4173,28.0
4174,11.0
4175,4.0
4176,22.0
4177,9.0
4178,7.0
4179,9.0
4180,3.0
4181,6.0
4182,4.0
4183,12.0
4184,10.0
4185,4.0
4186,7.0
4187,6.0
4188,5.0
4189,5.0
4190,6.0
4191,4.0
4192,4.0
4193,7.0
4194,15.0
4195,16.0
4196,3.0
4197,5.0
4198,5.0
4199,18.0
4200,5.0
4201,33.0
4202,4.0
4203,7.0
4204,15.0
4205,4.0
4206,5.0
4207,21.0
4208,7.0
4209,4.0
4210,12.0
4211,7.0
4212,12.0
4213,32.0
4214,4.0
4215,23.0
4216,48.0
4217,6.0
4218,19.0
4219,6.0
4220,5.0
4221,5.0
4222,8.0
4223,7.0
4224,10.0
4225,5.0
4226,14.0
4227,7.0
4228,6.0
4229,5.0
4230,4.0
4231,24.0
4232,3.0
4233,13.0
4234,3.0
4235,3.0
4236,8.0
4237,7.0
4238,7.0
4239,18.0
4240,3.0
4241,4.0
4242,7.0
4243,6.0
4244,5.0
4245,45.0
4246,7.0
4247,5.0
4248,5.0
4249,4.0
4250,4.0
4251,3.0
4252,6.0
4253,12.0
4254,6.0
4255,10.0
4256,3.0
4257,5.0
4258,2.0
4259,2.0
4260,8.0
4261,4.0
4262,7.0
4263,7.0
4264,10.0
4265,4.0
4266,31.0
4267,3.0
4268,8.0
4269,13.0
4270,5.0
4271,5.0
4272,5.0
4273,4.0
4274,53.0
4275,12.0
4276,12.0
4277,23.0
4278,3.0
4279,5.0
4280,1.0
4281,3.0
4282,6.0
4283,16.0
4284,3.0
4285,4.0
4286,55.0
4287,20.0
4288,6.0
4289,4.0
4290,31.0
4291,9.0
4292,7.0
4293,7.0
4294,7.0
4295,18.0
4296,16.0
4297,4.0
4298,10.0
4299,13.0
4300,16.0
4301,4.0
4302,9.0
4303,4.0
4304,7.0
4305,4.0
4306,25.0
4307,6.0
4308,8.0
4309,3.0
4310,18.0
4311,3.0
4312,5.0
4313,5.0
4314,4.0
4315,4.0
4316,8.0
4317,7.0
4318,10.0
4319,3.0
4320,23.0
4321,19.0
4322,6.0
4323,8.0
4324,4.0
4325,5.0
4326,5.0
4327,12.0
4328,3.0
4329,39.0
4330,19.0
4331,10.0
4332,1.0
4333,5.0
4334,38.0
4335,4.0
4336,6.0
4337,36.0
4338,7.0
4339,2.0
4340,7.0
4341,22.0
4342,4.0
4343,7.0
4344,5.0
4345,8.0
4346,11.0
4347,4.0
4348,14.0
4349,18.0
4350,5.0
4351,9.0
4352,30.0
4353,6.0
4354,4.0
4355,11.0
4356,24.0
4357,4.0
4358,4.0
4359,5.0
4360,36.0
4361,8.0
4362,13.0
4363,11.0
4364,7.0
4365,3.0
4366,7.0
4367,21.0
4368,20.0
4369,8.0
4370,30.0
4371,3.0
4372,10.0
4373,5.0
4374,8.0
4375,9.0
4376,10.0
4377,2.0
4378,7.0
4379,3.0
4380,3.0
4381,7.0
4382,9.0
4383,16.0
4384,8.0
4385,8.0
4386,5.0
4387,6.0
4388,70.0
4389,47.0
4390,6.0
4391,23.0
4392,33.0
4393,5.0
4394,12.0
4395,52.0
4396,39.0
4397,8.0
4398,17.0
4399,11.0
4400,18.0
4401,7.0
4402,9.0
4403,6.0
4404,5.0
4405,8.0
4406,4.0
4407,9.0
4408,9.0
4409,13.0
4410,5.0
4411,11.0
4412,6.0
4413,9.0
4414,5.0
4415,6.0
4416,4.0
4417,12.0
4418,5.0
4419,37.0
4420,19.0
4421,7.0
4422,4.0
4423,6.0
4424,4.0
4425,12.0
4426,9.0
4427,6.0
4428,20.0
4429,3.0
4430,22.0
4431,9.0
4432,5.0
4433,37.0
4434,17.0
4435,3.0
4436,32.0
4437,10.0
4438,3.0
4439,13.0
4440,4.0
4441,36.0
4442,19.0
4443,10.0
4444,3.0
4445,4.0
4446,17.0
4447,2.0
4448,6.0
4449,47.0
4450,4.0
4451,12.0
4452,14.0
4453,13.0
4454,4.0
4455,4.0
4456,13.0
4457,23.0
4458,53.0
4459,8.0
4460,4.0
4461,4.0
4462,8.0
4463,6.0
4464,6.0
4465,4.0
4466,4.0
4467,10.0
4468,7.0
4469,4.0
4470,20.0
4471,5.0
4472,5.0
4473,6.0
4474,4.0
4475,6.0
4476,2.0
4477,4.0
4478,5.0
4479,4.0
4480,3.0
4481,12.0
4482,4.0
4483,4.0
4484,17.0
4485,8.0
4486,7.0
4487,4.0
4488,5.0
4489,4.0
4490,7.0
4491,4.0
4492,13.0
4493,5.0
4494,3.0
4495,6.0
4496,4.0
4497,18.0
4498,3.0
4499,3.0
4500,4.0
4501,8.0
4502,4.0
4503,7.0
4504,7.0
4505,13.0
4506,7.0
4507,15.0
4508,5.0
4509,3.0
4510,6.0
4511,21.0
4512,5.0
4513,11.0
4514,5.0
4515,5.0
4516,6.0
4517,5.0
4518,9.0
4519,18.0
4520,7.0
4521,21.0
4522,10.0
4523,8.0
4524,6.0
4525,3.0
4526,8.0
4527,18.0
4528,11.0
4529,3.0
4530,0.0
4531,5.0
4532,6.0
4533,7.0
4534,5.0
4535,6.0
4536,5.0
4537,6.0
4538,3.0
4539,15.0
4540,29.0
4541,3.0
4542,8.0
4543,9.0
4544,4.0
4545,5.0
4546,4.0
4547,4.0
4548,5.0
4549,6.0
4550,5.0
4551,3.0
4552,7.0
4553,5.0
4554,11.0
4555,6.0
4556,11.0
4557,12.0
4558,4.0
4559,14.0
4560,9.0
4561,4.0
4562,7.0
4563,19.0
4564,8.0
4565,29.0
4566,13.0
4567,23.0
4568,6.0
4569,4.0
4570,6.0
4571,7.0
4572,17.0
4573,12.0
4574,3.0
4575,6.0
4576,5.0
4577,23.0
4578,10.0
4579,6.0
4580,28.0
4581,5.0
4582,4.0
4583,6.0
4584,7.0
4585,13.0
4586,7.0
4587,3.0
4588,8.0
4589,7.0
4590,25.0
4591,4.0
4592,5.0
4593,7.0
4594,15.0
4595,8.0
4596,5.0
4597,5.0
4598,4.0
4599,4.0
4600,7.0
4601,5.0
4602,6.0
4603,8.0
4604,4.0
4605,9.0
4606,7.0
4607,44.0
4608,21.0
4609,18.0
4610,8.0
4611,6.0
4612,9.0
4613,17.0
4614,4.0
4615,13.0
4616,43.0
4617,7.0
4618,4.0
4619,3.0
4620,13.0
4621,28.0
4622,6.0
4623,9.0
4624,7.0
4625,66.0
4626,3.0
4627,30.0
4628,3.0
4629,6.0
4630,77.0
4631,3.0
4632,9.0
4633,13.0
4634,7.0
4635,12.0
4636,3.0
4637,4.0
4638,9.0
4639,8.0
4640,2.0
4641,4.0
4642,10.0
4643,5.0
4644,29.0
4645,5.0
4646,57.0
4647,5.0
4648,5.0
4649,27.0
4650,7.0
4651,22.0
4652,4.0
4653,19.0
4654,5.0
4655,10.0
4656,13.0
4657,18.0
4658,7.0
4659,4.0
4660,4.0
4661,7.0
4662,11.0
4663,3.0
4664,1.0
4665,30.0
4666,5.0
4667,4.0
4668,34.0
4669,5.0
4670,7.0
4671,20.0
4672,5.0
4673,4.0
4674,3.0
4675,3.0
4676,7.0
4677,40.0
4678,3.0
4679,4.0
4680,10.0
4681,4.0
4682,10.0
4683,6.0
4684,5.0
4685,4.0
4686,35.0
4687,4.0
4688,2.0
4689,4.0
4690,7.0
4691,16.0
4692,37.0
4693,38.0
4694,2.0
4695,9.0
4696,4.0
4697,3.0
4698,6.0
4699,15.0
4700,4.0
4701,12.0
4702,9.0
4703,8.0
4704,6.0
4705,40.0
4706,5.0
4707,5.0
4708,19.0
4709,8.0
4710,11.0
4711,17.0
4712,6.0
4713,5.0
4714,12.0
4715,36.0
4716,20.0
4717,8.0
4718,11.0
4719,2.0
4720,3.0
4721,6.0
4722,9.0
4723,3.0
4724,24.0
4725,6.0
4726,11.0
4727,14.0
4728,7.0
4729,31.0
4730,5.0
4731,3.0
4732,29.0
4733,4.0
4734,67.0
4735,6.0
4736,5.0
4737,10.0
4738,8.0
4739,21.0
4740,5.0
4741,4.0
4742,3.0
4743,5.0
4744,8.0
4745,3.0
4746,4.0
4747,5.0
4748,3.0
4749,12.0
4750,4.0
4751,4.0
4752,5.0
4753,5.0
