,0
0,5.0
1,0.0
2,1.0
3,0.0
4,4.0
5,22.0
6,6.0
7,0.0
8,5.0
9,4.0
10,11.0
11,1.0
12,27.0
13,9.0
14,0.0
15,5.0
16,2.0
17,4.0
18,3.0
19,44.0
20,14.0
21,89.0
22,1.0
23,0.0
24,0.0
25,0.0
26,67.0
27,30.0
28,3.0
29,0.0
30,18.0
31,0.0
32,35.0
33,451.0
34,0.0
35,19.0
36,11.0
37,1.0
38,3.0
39,4.0
40,14.0
41,10.0
42,8.0
43,3.0
44,26.0
45,0.0
46,0.0
47,8.0
48,0.0
49,0.0
50,5.0
51,13.0
52,3.0
53,6.0
54,0.0
55,4.0
56,1.0
57,1.0
58,0.0
59,0.0
60,0.0
61,1.0
62,15.0
63,3.0
64,1.0
65,20.0
66,3.0
67,1.0
68,0.0
69,37.0
70,8.0
71,9.0
72,0.0
73,0.0
74,1.0
75,0.0
76,3.0
77,13.0
78,6.0
79,7.0
80,5.0
81,2.0
82,33.0
83,2.0
84,8.0
85,9.0
86,1.0
87,4.0
88,3.0
89,2.0
90,2.0
91,10.0
92,9.0
93,9.0
94,5.0
95,1.0
96,7.0
97,2.0
98,4.0
99,0.0
100,0.0
101,6.0
102,2.0
103,7.0
104,27.0
105,39.0
106,4.0
107,21.0
108,0.0
109,0.0
110,10.0
111,1.0
112,0.0
113,42.0
114,76.0
115,6.0
116,2.0
117,0.0
118,2.0
119,8.0
120,2.0
121,1.0
122,3.0
123,0.0
124,2.0
125,0.0
126,4.0
127,2.0
128,10.0
129,6.0
130,1.0
131,2.0
132,8.0
133,28.0
134,7.0
135,5.0
136,6.0
137,0.0
138,12.0
139,11.0
140,0.0
141,3.0
142,5.0
143,8.0
144,31.0
145,12.0
146,0.0
147,0.0
148,0.0
149,2.0
150,20.0
151,1.0
152,5.0
153,5.0
154,0.0
155,42.0
156,1.0
157,18.0
158,5.0
159,0.0
160,5.0
161,84.0
162,3.0
163,2.0
164,38.0
165,11.0
166,2.0
167,2.0
168,9.0
169,5.0
170,0.0
171,0.0
172,0.0
173,0.0
174,43.0
175,11.0
176,6.0
177,20.0
178,3.0
179,7.0
180,2.0
181,2.0
182,15.0
183,55.0
184,3.0
185,5.0
186,7.0
187,22.0
188,25.0
189,11.0
190,24.0
191,19.0
192,1.0
193,1.0
194,28.0
195,1.0
196,11.0
197,2.0
198,4.0
199,0.0
200,1.0
201,1.0
202,3.0
203,43.0
204,4.0
205,11.0
206,13.0
207,0.0
208,8.0
209,2.0
210,10.0
211,4.0
212,3.0
213,12.0
214,6.0
215,8.0
216,4.0
217,7.0
218,0.0
219,2.0
220,2.0
221,7.0
222,0.0
223,0.0
224,3.0
225,2.0
226,32.0
227,9.0
228,2.0
229,7.0
230,5.0
231,8.0
232,0.0
233,2.0
234,0.0
235,0.0
236,1.0
237,12.0
238,12.0
239,7.0
240,2.0
241,0.0
242,19.0
243,0.0
244,3.0
245,0.0
246,5.0
247,1.0
248,0.0
249,4.0
250,72.0
251,0.0
252,1.0
253,6.0
254,1.0
255,1.0
256,190.0
257,0.0
258,4.0
259,7.0
260,7.0
261,10.0
262,1.0
263,1.0
264,59.0
265,0.0
266,7.0
267,3.0
268,1.0
269,3.0
270,2.0
271,1.0
272,6.0
273,1.0
274,1.0
275,6.0
276,0.0
277,3.0
278,1.0
279,6.0
280,4.0
281,5.0
282,0.0
283,2.0
284,3.0
285,13.0
286,20.0
287,12.0
288,2.0
289,6.0
290,0.0
291,4.0
292,2.0
293,4.0
294,1.0
295,6.0
296,0.0
297,1.0
298,6.0
299,28.0
300,17.0
301,1.0
302,9.0
303,3.0
304,11.0
305,0.0
306,26.0
307,8.0
308,9.0
309,0.0
310,5.0
311,29.0
312,42.0
313,2.0
314,0.0
315,3.0
316,2.0
317,1.0
318,11.0
319,0.0
320,6.0
321,2.0
322,6.0
323,7.0
324,160.0
325,10.0
326,3.0
327,2.0
328,6.0
329,1.0
330,0.0
331,0.0
332,2.0
333,38.0
334,3.0
335,9.0
336,6.0
337,0.0
338,0.0
339,0.0
340,7.0
341,22.0
342,0.0
343,6.0
344,16.0
345,5.0
346,8.0
347,12.0
348,3.0
349,6.0
350,2.0
351,3.0
352,5.0
353,16.0
354,4.0
355,26.0
356,0.0
357,1.0
358,5.0
359,33.0
360,0.0
361,5.0
362,9.0
363,9.0
364,0.0
365,1.0
366,1.0
367,7.0
368,0.0
369,11.0
370,3.0
371,1.0
372,0.0
373,0.0
374,6.0
375,6.0
376,0.0
377,0.0
378,5.0
379,70.0
380,1.0
381,1.0
382,7.0
383,22.0
384,4.0
385,38.0
386,12.0
387,14.0
388,3.0
389,22.0
390,1.0
391,2.0
392,8.0
393,1.0
394,49.0
395,0.0
396,1.0
397,3.0
398,1.0
399,1.0
400,79.0
401,7.0
402,17.0
403,6.0
404,1.0
405,1.0
406,0.0
407,101.0
408,5.0
409,16.0
410,1.0
411,3.0
412,10.0
413,18.0
414,4.0
415,7.0
416,6.0
417,0.0
418,1.0
419,6.0
420,4.0
421,7.0
422,0.0
423,10.0
424,0.0
425,14.0
426,0.0
427,1.0
428,3.0
429,8.0
430,2.0
431,2.0
432,0.0
433,0.0
434,1.0
435,2.0
436,16.0
437,33.0
438,1.0
439,1.0
440,0.0
441,1.0
442,2.0
443,0.0
444,23.0
445,0.0
446,0.0
447,0.0
448,7.0
449,45.0
450,0.0
451,49.0
452,2.0
453,0.0
454,18.0
455,4.0
456,2.0
457,0.0
458,6.0
459,4.0
460,0.0
461,2.0
462,196.0
463,1.0
464,27.0
465,11.0
466,9.0
467,1.0
468,6.0
469,15.0
470,0.0
471,1.0
472,6.0
473,23.0
474,0.0
475,0.0
476,6.0
477,4.0
478,52.0
479,24.0
480,1.0
481,1.0
482,16.0
483,5.0
484,4.0
485,18.0
486,14.0
487,11.0
488,0.0
489,4.0
490,0.0
491,0.0
492,2.0
493,0.0
494,15.0
495,5.0
496,0.0
497,1.0
498,4.0
499,4.0
500,4.0
501,1.0
502,4.0
503,6.0
504,11.0
505,0.0
506,20.0
507,2.0
508,72.0
509,3.0
510,28.0
511,2.0
512,19.0
513,4.0
514,32.0
515,4.0
516,4.0
517,0.0
518,0.0
519,1.0
520,24.0
521,1.0
522,2.0
523,66.0
524,4.0
525,20.0
526,0.0
527,0.0
528,8.0
529,1.0
530,4.0
531,0.0
532,7.0
533,0.0
534,8.0
535,12.0
536,0.0
537,2.0
538,1.0
539,66.0
540,9.0
541,26.0
542,0.0
543,2.0
544,0.0
545,156.0
546,7.0
547,1.0
548,23.0
549,9.0
550,6.0
551,0.0
552,50.0
553,10.0
554,14.0
555,5.0
556,1.0
557,63.0
558,6.0
559,73.0
560,18.0
561,1.0
562,1.0
563,0.0
564,6.0
565,0.0
566,2.0
567,11.0
568,6.0
569,0.0
570,2.0
571,0.0
572,23.0
573,1.0
574,4.0
575,8.0
576,6.0
577,1.0
578,0.0
579,1.0
580,0.0
581,1.0
582,4.0
583,3.0
584,1.0
585,0.0
586,0.0
587,10.0
588,8.0
589,7.0
590,9.0
591,0.0
592,158.0
593,9.0
594,1.0
595,1.0
596,4.0
597,31.0
598,2.0
599,1.0
600,2.0
601,1.0
602,2.0
603,11.0
604,0.0
605,14.0
606,12.0
607,1.0
608,3.0
609,19.0
610,21.0
611,0.0
612,1.0
613,23.0
614,0.0
615,2.0
616,1.0
617,8.0
618,3.0
619,12.0
620,3.0
621,2.0
622,0.0
623,5.0
624,42.0
625,0.0
626,0.0
627,18.0
628,4.0
629,2.0
630,0.0
631,11.0
632,36.0
633,0.0
634,0.0
635,5.0
636,3.0
637,2.0
638,12.0
639,0.0
640,0.0
641,10.0
642,1.0
643,1.0
644,6.0
645,8.0
646,4.0
647,67.0
648,1.0
649,8.0
650,58.0
651,4.0
652,3.0
653,1.0
654,59.0
655,8.0
656,0.0
657,1.0
658,1.0
659,0.0
660,5.0
661,0.0
662,4.0
663,2.0
664,11.0
665,0.0
666,14.0
667,0.0
668,6.0
669,0.0
670,2.0
671,40.0
672,1.0
673,38.0
674,8.0
675,1.0
676,11.0
677,1.0
678,0.0
679,5.0
680,54.0
681,2.0
682,1.0
683,56.0
684,1.0
685,2.0
686,39.0
687,10.0
688,26.0
689,9.0
690,2.0
691,13.0
692,2.0
693,6.0
694,6.0
695,3.0
696,0.0
697,0.0
698,3.0
699,0.0
700,13.0
701,1.0
702,16.0
703,0.0
704,4.0
705,2.0
706,2.0
707,5.0
708,1.0
709,5.0
710,164.0
711,4.0
712,0.0
713,23.0
714,2.0
715,2.0
716,7.0
717,53.0
718,5.0
719,10.0
720,9.0
721,1.0
722,66.0
723,37.0
724,6.0
725,0.0
726,0.0
727,68.0
728,24.0
729,0.0
730,0.0
731,16.0
732,14.0
733,34.0
734,4.0
735,4.0
736,1.0
737,16.0
738,0.0
739,28.0
740,1.0
741,16.0
742,4.0
743,1.0
744,14.0
745,0.0
746,9.0
747,4.0
748,0.0
749,10.0
750,2.0
751,2.0
752,1.0
753,2.0
754,19.0
755,7.0
756,3.0
757,1.0
758,1.0
759,0.0
760,0.0
761,4.0
762,0.0
763,5.0
764,7.0
765,18.0
766,1.0
767,0.0
768,5.0
769,7.0
770,0.0
771,54.0
772,2.0
773,4.0
774,18.0
775,11.0
776,10.0
777,8.0
778,0.0
779,5.0
780,34.0
781,12.0
782,14.0
783,0.0
784,1.0
785,18.0
786,3.0
787,1.0
788,6.0
789,9.0
790,10.0
791,3.0
792,5.0
793,3.0
794,5.0
795,4.0
796,4.0
797,6.0
798,0.0
799,10.0
800,11.0
801,12.0
802,5.0
803,7.0
804,4.0
805,0.0
806,13.0
807,5.0
808,6.0
809,24.0
810,1.0
811,6.0
812,2.0
813,17.0
814,1.0
815,8.0
816,6.0
817,2.0
818,0.0
819,4.0
820,5.0
821,4.0
822,18.0
823,0.0
824,5.0
825,6.0
826,4.0
827,2.0
828,2.0
829,6.0
830,1.0
831,4.0
832,4.0
833,0.0
834,3.0
835,1.0
836,18.0
837,0.0
838,5.0
839,10.0
840,2.0
841,11.0
842,0.0
843,5.0
844,8.0
845,0.0
846,10.0
847,6.0
848,5.0
849,5.0
850,36.0
851,4.0
852,0.0
853,17.0
854,5.0
855,15.0
856,0.0
857,4.0
858,6.0
859,1.0
860,1.0
861,0.0
862,6.0
863,11.0
864,2.0
865,93.0
866,27.0
867,0.0
868,0.0
869,2.0
870,0.0
871,0.0
872,0.0
873,7.0
874,3.0
875,9.0
876,5.0
877,0.0
878,0.0
879,0.0
880,3.0
881,3.0
882,0.0
883,3.0
884,2.0
885,38.0
886,7.0
887,2.0
888,0.0
889,0.0
890,3.0
891,3.0
892,4.0
893,1.0
894,2.0
895,30.0
896,7.0
897,2.0
898,0.0
899,1.0
900,11.0
901,2.0
902,2.0
903,6.0
904,64.0
905,4.0
906,1.0
907,2.0
908,16.0
909,7.0
910,44.0
911,12.0
912,3.0
913,5.0
914,1.0
915,0.0
916,2.0
917,25.0
918,3.0
919,2.0
920,8.0
921,11.0
922,0.0
923,1.0
924,2.0
925,0.0
926,32.0
927,6.0
928,5.0
929,6.0
930,13.0
931,16.0
932,1.0
933,3.0
934,1.0
935,7.0
936,1.0
937,17.0
938,0.0
939,22.0
940,1.0
941,1.0
942,2.0
943,28.0
944,4.0
945,5.0
946,44.0
947,28.0
948,5.0
949,0.0
950,5.0
951,2.0
952,6.0
953,1.0
954,62.0
955,3.0
956,2.0
957,51.0
958,7.0
959,5.0
960,3.0
961,1.0
962,4.0
963,67.0
964,21.0
965,0.0
966,18.0
967,2.0
968,3.0
969,7.0
970,3.0
971,2.0
972,0.0
973,2.0
974,2.0
975,0.0
976,1.0
977,0.0
978,21.0
979,37.0
980,6.0
981,1.0
982,1.0
983,1.0
984,4.0
985,4.0
986,17.0
987,12.0
988,0.0
989,5.0
990,1.0
991,3.0
992,0.0
993,5.0
994,17.0
995,125.0
996,17.0
997,0.0
998,7.0
999,0.0
1000,0.0
1001,4.0
1002,18.0
1003,0.0
1004,3.0
1005,0.0
1006,2.0
1007,1.0
1008,0.0
1009,130.0
1010,114.0
1011,1.0
1012,21.0
1013,0.0
1014,3.0
1015,3.0
1016,0.0
1017,0.0
1018,6.0
1019,1.0
1020,9.0
1021,7.0
1022,5.0
1023,4.0
1024,6.0
1025,1.0
1026,11.0
1027,1.0
1028,27.0
1029,1.0
1030,6.0
1031,1.0
1032,0.0
1033,12.0
1034,5.0
1035,7.0
1036,42.0
1037,0.0
1038,3.0
1039,4.0
1040,0.0
1041,210.0
1042,5.0
1043,14.0
1044,7.0
1045,170.0
1046,15.0
1047,1.0
1048,4.0
1049,74.0
1050,2.0
1051,0.0
1052,22.0
1053,4.0
1054,24.0
1055,4.0
1056,5.0
1057,32.0
1058,19.0
1059,13.0
1060,5.0
1061,6.0
1062,0.0
1063,2.0
1064,0.0
1065,2.0
1066,0.0
1067,0.0
1068,2.0
1069,30.0
1070,2.0
1071,0.0
1072,0.0
1073,1.0
1074,10.0
1075,2.0
1076,1.0
1077,4.0
1078,1.0
1079,4.0
1080,0.0
1081,7.0
1082,7.0
1083,35.0
1084,0.0
1085,0.0
1086,9.0
1087,10.0
1088,2.0
1089,3.0
1090,0.0
1091,2.0
1092,0.0
1093,1.0
1094,4.0
1095,0.0
1096,15.0
1097,1.0
1098,1.0
1099,1.0
1100,0.0
1101,10.0
1102,11.0
1103,12.0
1104,6.0
1105,13.0
1106,6.0
1107,0.0
1108,6.0
1109,9.0
1110,34.0
1111,0.0
1112,9.0
1113,15.0
1114,3.0
1115,6.0
1116,57.0
1117,0.0
1118,0.0
1119,3.0
1120,0.0
1121,71.0
1122,0.0
1123,0.0
1124,0.0
1125,6.0
1126,1.0
1127,1.0
1128,5.0
1129,4.0
1130,1.0
1131,2.0
1132,5.0
1133,7.0
1134,2.0
1135,1.0
1136,2.0
1137,0.0
1138,4.0
1139,5.0
1140,0.0
1141,1.0
1142,3.0
1143,0.0
1144,248.0
1145,8.0
1146,0.0
1147,263.0
1148,17.0
1149,3.0
1150,4.0
1151,12.0
1152,2.0
1153,0.0
1154,0.0
1155,7.0
1156,0.0
1157,1.0
1158,10.0
1159,0.0
1160,2.0
1161,3.0
1162,13.0
1163,0.0
1164,12.0
1165,12.0
1166,4.0
1167,4.0
1168,5.0
1169,0.0
1170,0.0
1171,0.0
1172,6.0
1173,8.0
1174,10.0
1175,2.0
1176,1.0
1177,35.0
1178,0.0
1179,31.0
1180,6.0
1181,3.0
1182,38.0
1183,32.0
1184,5.0
1185,24.0
1186,6.0
1187,14.0
1188,4.0
1189,10.0
1190,7.0
1191,4.0
1192,2.0
1193,2.0
1194,2.0
1195,0.0
1196,1.0
1197,3.0
1198,0.0
1199,6.0
1200,10.0
1201,0.0
1202,11.0
1203,3.0
1204,7.0
1205,3.0
1206,6.0
1207,10.0
1208,2.0
1209,0.0
1210,7.0
1211,4.0
1212,0.0
1213,1.0
1214,1.0
1215,14.0
1216,2.0
1217,7.0
1218,1.0
1219,0.0
1220,0.0
1221,54.0
1222,23.0
1223,1.0
1224,0.0
1225,0.0
1226,5.0
1227,1.0
1228,4.0
1229,2.0
1230,0.0
1231,8.0
1232,2.0
1233,18.0
1234,0.0
1235,1.0
1236,1.0
1237,17.0
1238,24.0
1239,7.0
1240,0.0
1241,0.0
1242,0.0
1243,3.0
1244,6.0
1245,11.0
1246,13.0
1247,0.0
1248,10.0
1249,0.0
1250,1.0
1251,2.0
1252,0.0
1253,1.0
1254,10.0
1255,0.0
1256,8.0
1257,1.0
1258,0.0
1259,2.0
1260,0.0
1261,35.0
1262,2.0
1263,4.0
1264,0.0
1265,2.0
1266,13.0
1267,3.0
1268,4.0
1269,0.0
1270,5.0
1271,0.0
1272,1.0
1273,0.0
1274,0.0
1275,0.0
1276,8.0
1277,25.0
1278,18.0
1279,0.0
1280,3.0
1281,2.0
1282,10.0
1283,1.0
1284,6.0
1285,13.0
1286,4.0
1287,0.0
1288,7.0
1289,7.0
1290,0.0
1291,3.0
1292,3.0
1293,3.0
1294,15.0
1295,5.0
1296,0.0
1297,2.0
1298,5.0
1299,1.0
1300,60.0
1301,3.0
1302,1.0
1303,12.0
1304,9.0
1305,4.0
1306,19.0
1307,2.0
1308,0.0
1309,0.0
1310,5.0
1311,74.0
1312,4.0
1313,3.0
1314,3.0
1315,11.0
1316,4.0
1317,3.0
1318,3.0
1319,1.0
1320,3.0
1321,10.0
1322,0.0
1323,2.0
1324,4.0
1325,16.0
1326,0.0
1327,0.0
1328,1.0
1329,14.0
1330,15.0
1331,1.0
1332,18.0
1333,27.0
1334,4.0
1335,2.0
1336,3.0
1337,0.0
1338,1.0
1339,0.0
1340,7.0
1341,0.0
1342,0.0
1343,0.0
1344,5.0
1345,38.0
1346,1.0
1347,20.0
1348,0.0
1349,5.0
1350,8.0
1351,0.0
1352,85.0
1353,15.0
1354,26.0
1355,10.0
1356,21.0
1357,3.0
1358,18.0
1359,4.0
1360,0.0
1361,0.0
1362,3.0
1363,3.0
1364,0.0
1365,7.0
1366,3.0
1367,8.0
1368,1.0
1369,0.0
1370,1.0
1371,6.0
1372,9.0
1373,1.0
1374,2.0
1375,17.0
1376,0.0
1377,5.0
1378,10.0
1379,0.0
1380,2.0
1381,17.0
1382,2.0
1383,0.0
1384,0.0
1385,0.0
1386,12.0
1387,3.0
1388,119.0
1389,0.0
1390,0.0
1391,10.0
1392,0.0
1393,3.0
1394,39.0
1395,8.0
1396,12.0
1397,2.0
1398,3.0
1399,2.0
1400,1.0
1401,1.0
1402,7.0
1403,2.0
1404,21.0
1405,52.0
1406,1.0
1407,5.0
1408,0.0
1409,0.0
1410,12.0
1411,158.0
1412,5.0
1413,6.0
1414,1.0
1415,2.0
1416,14.0
1417,0.0
1418,0.0
1419,7.0
1420,4.0
1421,4.0
1422,13.0
1423,3.0
1424,17.0
1425,5.0
1426,9.0
1427,2.0
1428,10.0
1429,6.0
1430,0.0
1431,1.0
1432,5.0
1433,71.0
1434,0.0
1435,9.0
1436,4.0
1437,1.0
1438,0.0
1439,4.0
1440,5.0
1441,32.0
1442,0.0
1443,4.0
1444,12.0
1445,0.0
1446,1.0
1447,0.0
1448,0.0
1449,0.0
1450,0.0
1451,16.0
1452,1.0
1453,0.0
1454,3.0
1455,26.0
1456,5.0
1457,8.0
1458,0.0
1459,4.0
1460,0.0
1461,0.0
1462,2.0
1463,2.0
1464,10.0
1465,11.0
1466,3.0
1467,15.0
1468,0.0
1469,6.0
1470,0.0
1471,94.0
1472,0.0
1473,2.0
1474,0.0
1475,58.0
1476,24.0
1477,1.0
1478,2.0
1479,8.0
1480,3.0
1481,7.0
1482,31.0
1483,1.0
1484,18.0
1485,28.0
1486,0.0
1487,0.0
1488,16.0
1489,0.0
1490,12.0
1491,3.0
1492,100.0
1493,45.0
1494,0.0
1495,1.0
1496,5.0
1497,9.0
1498,1.0
1499,5.0
1500,14.0
1501,1.0
1502,3.0
1503,44.0
1504,17.0
1505,4.0
1506,2.0
1507,8.0
1508,3.0
1509,9.0
1510,3.0
1511,21.0
1512,9.0
1513,0.0
1514,3.0
1515,8.0
1516,0.0
1517,0.0
1518,5.0
1519,0.0
1520,0.0
1521,5.0
1522,5.0
1523,11.0
1524,1.0
1525,5.0
1526,0.0
1527,0.0
1528,17.0
1529,17.0
1530,0.0
1531,6.0
1532,3.0
1533,1.0
1534,0.0
1535,0.0
1536,9.0
1537,7.0
1538,9.0
1539,3.0
1540,12.0
1541,0.0
1542,23.0
1543,4.0
1544,0.0
1545,0.0
1546,4.0
1547,1.0
1548,4.0
1549,3.0
1550,0.0
1551,34.0
1552,9.0
1553,1.0
1554,20.0
1555,287.0
1556,12.0
1557,15.0
1558,6.0
1559,1.0
1560,18.0
1561,0.0
1562,0.0
1563,8.0
1564,1.0
1565,1.0
1566,86.0
1567,0.0
1568,4.0
1569,6.0
1570,9.0
1571,3.0
1572,9.0
1573,3.0
1574,39.0
1575,0.0
1576,2.0
1577,32.0
1578,9.0
1579,3.0
1580,9.0
1581,19.0
1582,11.0
1583,15.0
1584,4.0
1585,0.0
1586,3.0
1587,0.0
1588,36.0
1589,5.0
1590,8.0
1591,13.0
1592,3.0
1593,1.0
1594,1.0
1595,0.0
1596,0.0
1597,0.0
1598,19.0
1599,22.0
1600,16.0
1601,6.0
1602,0.0
1603,23.0
1604,2.0
1605,13.0
1606,12.0
1607,1.0
1608,0.0
1609,3.0
1610,177.0
1611,0.0
1612,1.0
1613,4.0
1614,2.0
1615,0.0
1616,1.0
1617,67.0
1618,3.0
1619,72.0
1620,64.0
1621,7.0
1622,23.0
1623,2.0
1624,1.0
1625,0.0
1626,0.0
1627,7.0
1628,1.0
1629,0.0
1630,7.0
1631,8.0
1632,0.0
1633,11.0
1634,8.0
1635,7.0
1636,0.0
1637,1.0
1638,2.0
1639,2.0
1640,2.0
1641,4.0
1642,2.0
1643,16.0
1644,0.0
1645,7.0
1646,0.0
1647,6.0
1648,1.0
1649,1.0
1650,5.0
1651,6.0
1652,1.0
1653,20.0
1654,17.0
1655,8.0
1656,1.0
1657,0.0
1658,0.0
1659,23.0
1660,4.0
1661,7.0
1662,1.0
1663,5.0
1664,5.0
1665,0.0
1666,13.0
1667,2.0
1668,5.0
1669,2.0
1670,0.0
1671,2.0
1672,6.0
1673,1.0
1674,0.0
1675,9.0
1676,10.0
1677,8.0
1678,1.0
1679,13.0
1680,36.0
1681,7.0
1682,5.0
1683,7.0
1684,10.0
1685,2.0
1686,1.0
1687,1.0
1688,4.0
1689,21.0
1690,10.0
1691,66.0
1692,3.0
1693,5.0
1694,13.0
1695,8.0
1696,28.0
1697,12.0
1698,2.0
1699,98.0
1700,4.0
1701,0.0
1702,1.0
1703,1.0
1704,5.0
1705,19.0
1706,20.0
1707,8.0
1708,0.0
1709,1.0
1710,0.0
1711,3.0
1712,0.0
1713,0.0
1714,12.0
1715,7.0
1716,7.0
1717,0.0
1718,0.0
1719,8.0
1720,0.0
1721,16.0
1722,0.0
1723,0.0
1724,0.0
1725,7.0
1726,1.0
1727,0.0
1728,0.0
1729,32.0
1730,2.0
1731,204.0
1732,25.0
1733,11.0
1734,26.0
1735,6.0
1736,9.0
1737,1.0
1738,10.0
1739,2.0
1740,1.0
1741,5.0
1742,2.0
1743,0.0
1744,13.0
1745,3.0
1746,0.0
1747,4.0
1748,6.0
1749,4.0
1750,25.0
1751,3.0
1752,136.0
1753,12.0
1754,20.0
1755,88.0
1756,1.0
1757,3.0
1758,11.0
1759,3.0
1760,0.0
1761,0.0
1762,5.0
1763,4.0
1764,0.0
1765,0.0
1766,27.0
1767,5.0
1768,10.0
1769,26.0
1770,0.0
1771,3.0
1772,1.0
1773,8.0
1774,1.0
1775,19.0
1776,5.0
1777,21.0
1778,2.0
1779,30.0
1780,0.0
1781,4.0
1782,1.0
1783,6.0
1784,4.0
1785,17.0
1786,2.0
1787,3.0
1788,7.0
1789,8.0
1790,4.0
1791,14.0
1792,4.0
1793,2.0
1794,7.0
1795,0.0
1796,54.0
1797,15.0
1798,0.0
1799,6.0
1800,2.0
1801,18.0
1802,5.0
1803,0.0
1804,0.0
1805,0.0
1806,9.0
1807,0.0
1808,4.0
1809,1.0
1810,5.0
1811,4.0
1812,25.0
1813,2.0
1814,0.0
1815,46.0
1816,4.0
1817,2.0
1818,45.0
1819,6.0
1820,2.0
1821,11.0
1822,5.0
1823,19.0
1824,2.0
1825,39.0
1826,0.0
1827,0.0
1828,4.0
1829,0.0
1830,1.0
1831,1.0
1832,20.0
1833,2.0
1834,4.0
1835,5.0
1836,0.0
1837,3.0
1838,3.0
1839,80.0
1840,8.0
1841,19.0
1842,0.0
1843,3.0
1844,88.0
1845,3.0
1846,5.0
1847,3.0
1848,0.0
1849,10.0
1850,1.0
1851,0.0
1852,1.0
1853,103.0
1854,4.0
1855,13.0
1856,2.0
1857,16.0
1858,6.0
1859,19.0
1860,11.0
1861,8.0
1862,10.0
1863,5.0
1864,10.0
1865,1.0
1866,18.0
1867,8.0
1868,0.0
1869,2.0
1870,2.0
1871,2.0
1872,6.0
1873,8.0
1874,2.0
1875,0.0
1876,12.0
1877,25.0
1878,9.0
1879,7.0
1880,2.0
1881,9.0
1882,5.0
1883,1.0
1884,1.0
1885,2.0
1886,6.0
1887,46.0
1888,0.0
1889,0.0
1890,9.0
1891,18.0
1892,2.0
1893,0.0
1894,0.0
1895,27.0
1896,9.0
1897,27.0
1898,2.0
1899,22.0
1900,4.0
1901,0.0
1902,3.0
1903,0.0
1904,5.0
1905,4.0
1906,1.0
1907,2.0
1908,0.0
1909,0.0
1910,6.0
1911,1.0
1912,6.0
1913,50.0
1914,0.0
1915,6.0
1916,1.0
1917,0.0
1918,40.0
1919,25.0
1920,13.0
1921,7.0
1922,20.0
1923,4.0
1924,1.0
1925,11.0
1926,2.0
1927,11.0
1928,12.0
1929,9.0
1930,10.0
1931,0.0
1932,0.0
1933,10.0
1934,8.0
1935,43.0
1936,9.0
1937,5.0
1938,4.0
1939,0.0
1940,3.0
1941,1.0
1942,0.0
1943,2.0
1944,1.0
1945,6.0
1946,5.0
1947,6.0
1948,5.0
1949,97.0
1950,4.0
1951,3.0
1952,1.0
1953,6.0
1954,15.0
1955,35.0
1956,1.0
1957,5.0
1958,4.0
1959,2.0
1960,1.0
1961,4.0
1962,5.0
1963,6.0
1964,0.0
1965,3.0
1966,0.0
1967,123.0
1968,1.0
1969,1.0
1970,8.0
1971,1.0
1972,0.0
1973,11.0
1974,12.0
1975,6.0
1976,0.0
1977,2.0
1978,4.0
1979,6.0
1980,36.0
1981,30.0
1982,15.0
1983,12.0
1984,0.0
1985,2.0
1986,5.0
1987,0.0
1988,1.0
1989,11.0
1990,1.0
1991,29.0
1992,3.0
1993,24.0
1994,7.0
1995,0.0
1996,19.0
1997,20.0
1998,10.0
1999,9.0
2000,266.0
2001,2.0
2002,1.0
2003,7.0
2004,15.0
2005,5.0
2006,2.0
2007,1.0
2008,3.0
2009,2.0
2010,3.0
2011,3.0
2012,12.0
2013,0.0
2014,0.0
2015,7.0
2016,2.0
2017,15.0
2018,2.0
2019,4.0
2020,3.0
2021,38.0
2022,6.0
2023,3.0
2024,6.0
2025,65.0
2026,2.0
2027,4.0
2028,3.0
2029,9.0
2030,0.0
2031,3.0
2032,1.0
2033,12.0
2034,8.0
2035,33.0
2036,14.0
2037,3.0
2038,0.0
2039,45.0
2040,2.0
2041,4.0
2042,0.0
2043,4.0
2044,3.0
2045,3.0
2046,0.0
2047,2.0
2048,16.0
2049,1.0
2050,4.0
2051,2.0
2052,0.0
2053,1.0
2054,48.0
2055,2.0
2056,0.0
2057,1.0
2058,26.0
2059,0.0
2060,1.0
2061,0.0
2062,9.0
2063,9.0
2064,1.0
2065,0.0
2066,12.0
2067,2.0
2068,0.0
2069,0.0
2070,3.0
2071,7.0
2072,1.0
2073,6.0
2074,0.0
2075,8.0
2076,2.0
2077,3.0
2078,6.0
2079,0.0
2080,3.0
2081,16.0
2082,2.0
2083,2.0
2084,3.0
2085,4.0
2086,0.0
2087,2.0
2088,1.0
2089,137.0
2090,0.0
2091,1.0
2092,8.0
2093,1.0
2094,62.0
2095,0.0
2096,2.0
2097,1.0
2098,6.0
2099,30.0
2100,19.0
2101,6.0
2102,4.0
2103,0.0
2104,28.0
2105,8.0
2106,22.0
2107,12.0
2108,3.0
2109,2.0
2110,1.0
2111,5.0
2112,43.0
2113,0.0
2114,1.0
2115,15.0
2116,4.0
2117,1.0
2118,16.0
2119,0.0
2120,3.0
2121,17.0
2122,5.0
2123,0.0
2124,2.0
2125,0.0
2126,6.0
2127,6.0
2128,1.0
2129,6.0
2130,6.0
2131,18.0
2132,2.0
2133,0.0
2134,23.0
2135,4.0
2136,3.0
2137,20.0
2138,6.0
2139,8.0
2140,4.0
2141,8.0
2142,3.0
2143,2.0
2144,0.0
2145,1.0
2146,2.0
2147,30.0
2148,36.0
2149,2.0
2150,6.0
2151,1.0
2152,1.0
2153,5.0
2154,3.0
2155,0.0
2156,2.0
2157,17.0
2158,12.0
2159,2.0
2160,1.0
2161,0.0
2162,7.0
2163,0.0
2164,1.0
2165,8.0
2166,0.0
2167,3.0
2168,10.0
2169,51.0
2170,2.0
2171,2.0
2172,5.0
2173,0.0
2174,11.0
2175,57.0
2176,1.0
2177,3.0
2178,1.0
2179,20.0
2180,21.0
2181,8.0
2182,1.0
2183,6.0
2184,1.0
2185,1.0
2186,12.0
2187,0.0
2188,6.0
2189,36.0
2190,2.0
2191,5.0
2192,10.0
2193,4.0
2194,15.0
2195,2.0
2196,8.0
2197,2.0
2198,3.0
2199,7.0
2200,0.0
2201,0.0
2202,3.0
2203,36.0
2204,7.0
2205,3.0
2206,12.0
2207,5.0
2208,7.0
2209,51.0
2210,0.0
2211,2.0
2212,13.0
2213,1.0
2214,7.0
2215,7.0
2216,15.0
2217,0.0
2218,10.0
2219,2.0
2220,13.0
2221,0.0
2222,4.0
2223,0.0
2224,4.0
2225,2.0
2226,21.0
2227,11.0
2228,10.0
2229,0.0
2230,45.0
2231,2.0
2232,5.0
2233,3.0
2234,11.0
2235,0.0
2236,1.0
2237,7.0
2238,66.0
2239,0.0
2240,0.0
2241,1.0
2242,11.0
2243,11.0
2244,189.0
2245,5.0
2246,12.0
2247,5.0
2248,0.0
2249,0.0
2250,6.0
2251,2.0
2252,6.0
2253,4.0
2254,14.0
2255,0.0
2256,4.0
2257,0.0
2258,9.0
2259,10.0
2260,2.0
2261,1.0
2262,9.0
2263,4.0
2264,38.0
2265,5.0
2266,1.0
2267,29.0
2268,2.0
2269,0.0
2270,35.0
2271,0.0
2272,12.0
2273,11.0
2274,1.0
2275,3.0
2276,4.0
2277,0.0
2278,1.0
2279,6.0
2280,8.0
2281,5.0
2282,0.0
2283,142.0
2284,3.0
2285,1.0
2286,0.0
2287,16.0
2288,6.0
2289,2.0
2290,26.0
2291,25.0
2292,10.0
2293,2.0
2294,20.0
2295,2.0
2296,2.0
2297,48.0
2298,3.0
2299,6.0
2300,16.0
2301,6.0
2302,10.0
2303,1.0
2304,2.0
2305,6.0
2306,4.0
2307,1.0
2308,5.0
2309,16.0
2310,1.0
2311,2.0
2312,0.0
2313,1.0
2314,0.0
2315,0.0
2316,0.0
2317,3.0
2318,17.0
2319,5.0
2320,4.0
2321,7.0
2322,4.0
2323,3.0
2324,52.0
2325,3.0
2326,9.0
2327,0.0
2328,0.0
2329,0.0
2330,59.0
2331,1.0
2332,3.0
2333,0.0
2334,12.0
2335,21.0
2336,3.0
2337,7.0
2338,63.0
2339,8.0
2340,7.0
2341,7.0
2342,4.0
2343,6.0
2344,11.0
2345,23.0
2346,2.0
2347,0.0
2348,0.0
2349,13.0
2350,3.0
2351,2.0
2352,9.0
2353,11.0
2354,0.0
2355,0.0
2356,38.0
2357,4.0
2358,9.0
2359,2.0
2360,6.0
2361,1.0
2362,0.0
2363,0.0
2364,3.0
2365,14.0
2366,3.0
2367,0.0
2368,5.0
2369,36.0
2370,7.0
2371,3.0
2372,4.0
2373,4.0
2374,1.0
2375,4.0
2376,0.0
2377,14.0
2378,17.0
2379,3.0
2380,5.0
2381,1.0
2382,4.0
2383,2.0
2384,8.0
2385,1.0
2386,4.0
2387,0.0
2388,6.0
2389,10.0
2390,45.0
2391,1.0
2392,7.0
2393,4.0
2394,0.0
2395,17.0
2396,39.0
2397,39.0
2398,1.0
2399,6.0
2400,1.0
2401,45.0
2402,11.0
2403,6.0
2404,36.0
2405,3.0
2406,3.0
2407,7.0
2408,1.0
2409,4.0
2410,0.0
2411,4.0
2412,11.0
2413,0.0
2414,6.0
2415,22.0
2416,0.0
2417,4.0
2418,5.0
2419,7.0
2420,1.0
2421,59.0
2422,3.0
2423,10.0
2424,0.0
2425,5.0
2426,0.0
2427,0.0
2428,0.0
2429,1.0
2430,10.0
2431,0.0
2432,1.0
2433,7.0
2434,0.0
2435,0.0
2436,0.0
2437,1.0
2438,3.0
2439,9.0
2440,12.0
2441,1.0
2442,7.0
2443,14.0
2444,5.0
2445,1.0
2446,5.0
2447,1.0
2448,6.0
2449,2.0
2450,4.0
2451,0.0
2452,10.0
2453,1.0
2454,35.0
2455,6.0
2456,0.0
2457,27.0
2458,4.0
2459,11.0
2460,6.0
2461,0.0
2462,12.0
2463,1.0
2464,2.0
2465,9.0
2466,20.0
2467,0.0
2468,2.0
2469,0.0
2470,6.0
2471,5.0
2472,10.0
2473,7.0
2474,8.0
2475,11.0
2476,14.0
2477,12.0
2478,104.0
2479,24.0
2480,1.0
2481,4.0
2482,4.0
2483,0.0
2484,24.0
2485,2.0
2486,12.0
2487,0.0
2488,3.0
2489,1.0
2490,31.0
2491,3.0
2492,33.0
2493,2.0
2494,9.0
2495,6.0
2496,4.0
2497,10.0
2498,2.0
2499,1.0
2500,0.0
2501,6.0
2502,14.0
2503,8.0
2504,3.0
2505,1.0
2506,10.0
2507,8.0
2508,41.0
2509,20.0
2510,0.0
2511,30.0
2512,3.0
2513,20.0
2514,0.0
2515,0.0
2516,51.0
2517,1.0
2518,0.0
2519,2.0
2520,3.0
2521,1.0
2522,0.0
2523,1.0
2524,1.0
2525,11.0
2526,19.0
2527,5.0
2528,0.0
2529,17.0
2530,8.0
2531,17.0
2532,32.0
2533,6.0
2534,1.0
2535,8.0
2536,6.0
2537,4.0
2538,4.0
2539,0.0
2540,23.0
2541,12.0
2542,7.0
2543,1.0
2544,1.0
2545,7.0
2546,2.0
2547,1.0
2548,1.0
2549,6.0
2550,0.0
2551,0.0
2552,0.0
2553,0.0
2554,4.0
2555,3.0
2556,2.0
2557,5.0
2558,0.0
2559,3.0
2560,0.0
2561,11.0
2562,31.0
2563,10.0
2564,0.0
2565,0.0
2566,11.0
2567,5.0
2568,2.0
2569,3.0
2570,5.0
2571,3.0
2572,2.0
2573,21.0
2574,11.0
2575,10.0
2576,9.0
2577,28.0
2578,3.0
2579,4.0
2580,39.0
2581,7.0
2582,10.0
2583,2.0
2584,22.0
2585,1.0
2586,4.0
2587,0.0
2588,4.0
2589,2.0
2590,0.0
2591,1.0
2592,2.0
2593,6.0
2594,34.0
2595,40.0
2596,1.0
2597,27.0
2598,0.0
2599,1.0
2600,0.0
2601,0.0
2602,0.0
2603,2.0
2604,4.0
2605,0.0
2606,11.0
2607,13.0
2608,1.0
2609,8.0
2610,3.0
2611,2.0
2612,1.0
2613,1.0
2614,0.0
2615,11.0
2616,35.0
2617,0.0
2618,1.0
2619,11.0
2620,1.0
2621,4.0
2622,0.0
2623,1.0
2624,10.0
2625,1.0
2626,13.0
2627,0.0
2628,0.0
2629,33.0
2630,27.0
2631,7.0
2632,18.0
2633,4.0
2634,1.0
2635,9.0
2636,9.0
2637,17.0
2638,5.0
2639,3.0
2640,23.0
2641,1.0
2642,0.0
2643,28.0
2644,3.0
2645,17.0
2646,18.0
2647,0.0
2648,13.0
2649,1.0
2650,14.0
2651,4.0
2652,1.0
2653,4.0
2654,13.0
2655,4.0
2656,0.0
2657,1.0
2658,2.0
2659,6.0
2660,4.0
2661,2.0
2662,23.0
2663,18.0
2664,0.0
2665,4.0
2666,140.0
2667,3.0
2668,4.0
2669,0.0
2670,8.0
2671,3.0
2672,0.0
2673,1.0
2674,8.0
2675,3.0
2676,15.0
2677,0.0
2678,5.0
2679,0.0
2680,3.0
2681,5.0
2682,4.0
2683,6.0
2684,1.0
2685,11.0
2686,57.0
2687,18.0
2688,1.0
2689,1.0
2690,0.0
2691,0.0
2692,9.0
2693,4.0
2694,0.0
2695,0.0
2696,0.0
2697,0.0
2698,1.0
2699,25.0
2700,15.0
2701,2.0
2702,0.0
2703,135.0
2704,0.0
2705,10.0
2706,3.0
2707,0.0
2708,0.0
2709,6.0
2710,0.0
2711,0.0
2712,4.0
2713,7.0
2714,6.0
2715,6.0
2716,0.0
2717,0.0
2718,0.0
2719,5.0
2720,19.0
2721,6.0
2722,1.0
2723,14.0
2724,10.0
2725,0.0
2726,71.0
2727,80.0
2728,0.0
2729,2.0
2730,0.0
2731,3.0
2732,5.0
2733,2.0
2734,5.0
2735,3.0
2736,3.0
2737,0.0
2738,5.0
2739,3.0
2740,4.0
2741,9.0
2742,4.0
2743,19.0
2744,52.0
2745,3.0
2746,1.0
2747,24.0
2748,1.0
2749,20.0
2750,2.0
2751,2.0
2752,2.0
2753,3.0
2754,9.0
2755,21.0
2756,0.0
2757,6.0
2758,12.0
2759,8.0
2760,53.0
2761,15.0
2762,2.0
2763,0.0
2764,0.0
2765,0.0
2766,5.0
2767,0.0
2768,21.0
2769,11.0
2770,8.0
2771,0.0
2772,2.0
2773,0.0
2774,84.0
2775,0.0
2776,92.0
2777,0.0
2778,5.0
2779,4.0
2780,0.0
2781,0.0
2782,9.0
2783,4.0
2784,2.0
2785,2.0
2786,1.0
2787,21.0
2788,6.0
2789,3.0
2790,1.0
2791,4.0
2792,12.0
2793,0.0
2794,3.0
2795,17.0
2796,17.0
2797,1.0
2798,11.0
2799,16.0
2800,22.0
2801,2.0
2802,5.0
2803,1.0
2804,0.0
2805,2.0
2806,0.0
2807,0.0
2808,3.0
2809,0.0
2810,17.0
2811,5.0
2812,7.0
2813,9.0
2814,0.0
2815,1.0
2816,5.0
2817,7.0
2818,2.0
2819,0.0
2820,0.0
2821,2.0
2822,0.0
2823,2.0
2824,2.0
2825,7.0
2826,5.0
2827,12.0
2828,2.0
2829,1.0
2830,0.0
2831,1.0
2832,1.0
2833,14.0
2834,0.0
2835,5.0
2836,2.0
2837,2.0
2838,5.0
2839,5.0
2840,12.0
2841,0.0
2842,0.0
2843,1.0
2844,0.0
2845,8.0
2846,0.0
2847,1.0
2848,10.0
2849,7.0
2850,1.0
2851,2.0
2852,6.0
2853,1.0
2854,2.0
2855,17.0
2856,7.0
2857,4.0
2858,3.0
2859,6.0
2860,27.0
2861,4.0
2862,1.0
2863,1.0
2864,4.0
2865,30.0
2866,0.0
2867,17.0
2868,1.0
2869,4.0
2870,2.0
2871,0.0
2872,5.0
2873,2.0
2874,5.0
2875,1.0
2876,2.0
2877,74.0
2878,1.0
2879,4.0
2880,4.0
2881,7.0
2882,42.0
2883,33.0
2884,15.0
2885,9.0
2886,3.0
2887,2.0
2888,9.0
2889,16.0
2890,3.0
2891,1.0
2892,3.0
2893,1.0
2894,1.0
2895,3.0
2896,10.0
2897,4.0
2898,16.0
2899,9.0
2900,0.0
2901,0.0
2902,4.0
2903,1.0
2904,8.0
2905,5.0
2906,30.0
2907,4.0
2908,2.0
2909,11.0
2910,18.0
2911,2.0
2912,23.0
2913,7.0
2914,18.0
2915,9.0
2916,1.0
2917,11.0
2918,2.0
2919,10.0
2920,0.0
2921,5.0
2922,8.0
2923,1.0
2924,3.0
2925,3.0
2926,16.0
2927,0.0
2928,5.0
2929,11.0
2930,9.0
2931,0.0
2932,5.0
2933,1.0
2934,0.0
2935,5.0
2936,8.0
2937,18.0
2938,0.0
2939,11.0
2940,1.0
2941,6.0
2942,52.0
2943,5.0
2944,12.0
2945,2.0
2946,0.0
2947,14.0
2948,2.0
2949,3.0
2950,1.0
2951,2.0
2952,0.0
2953,2.0
2954,13.0
2955,6.0
2956,5.0
2957,4.0
2958,5.0
2959,12.0
2960,4.0
2961,2.0
2962,0.0
2963,2.0
2964,4.0
2965,4.0
2966,41.0
2967,1.0
2968,3.0
2969,6.0
2970,9.0
2971,13.0
2972,6.0
2973,0.0
2974,44.0
2975,5.0
2976,152.0
2977,131.0
2978,0.0
2979,6.0
2980,12.0
2981,2.0
2982,2.0
2983,2.0
2984,0.0
2985,2.0
2986,2.0
2987,14.0
2988,23.0
2989,7.0
2990,4.0
2991,4.0
2992,18.0
2993,4.0
2994,3.0
2995,5.0
2996,26.0
2997,1.0
2998,16.0
2999,1.0
3000,11.0
3001,2.0
3002,0.0
3003,3.0
3004,0.0
3005,1.0
3006,2.0
3007,4.0
3008,4.0
3009,2.0
3010,2.0
3011,1.0
3012,10.0
3013,64.0
3014,2.0
3015,27.0
3016,10.0
3017,2.0
3018,2.0
3019,0.0
3020,12.0
3021,7.0
3022,2.0
3023,6.0
3024,0.0
3025,0.0
3026,5.0
3027,4.0
3028,1.0
3029,7.0
3030,8.0
3031,2.0
3032,1.0
3033,10.0
3034,3.0
3035,124.0
3036,9.0
3037,1.0
3038,45.0
3039,3.0
3040,6.0
3041,2.0
3042,7.0
3043,0.0
3044,0.0
3045,17.0
3046,6.0
3047,0.0
3048,2.0
3049,4.0
3050,21.0
3051,8.0
3052,8.0
3053,24.0
3054,1.0
3055,6.0
3056,15.0
3057,4.0
3058,47.0
3059,0.0
3060,0.0
3061,0.0
3062,5.0
3063,1.0
3064,14.0
3065,2.0
3066,10.0
3067,3.0
3068,0.0
3069,0.0
3070,13.0
3071,2.0
3072,25.0
3073,8.0
3074,1.0
3075,4.0
3076,1.0
3077,12.0
3078,3.0
3079,1.0
3080,0.0
3081,22.0
3082,10.0
3083,0.0
3084,45.0
3085,0.0
3086,5.0
3087,10.0
3088,0.0
3089,7.0
3090,3.0
3091,68.0
3092,2.0
3093,2.0
3094,7.0
3095,1.0
3096,2.0
3097,2.0
3098,29.0
3099,0.0
3100,0.0
3101,29.0
3102,0.0
3103,2.0
3104,14.0
3105,7.0
3106,2.0
3107,8.0
3108,0.0
3109,34.0
3110,1.0
3111,8.0
3112,6.0
3113,8.0
3114,13.0
3115,2.0
3116,5.0
3117,1.0
3118,9.0
3119,10.0
3120,5.0
3121,3.0
3122,0.0
3123,39.0
3124,7.0
3125,81.0
3126,0.0
3127,5.0
3128,3.0
3129,8.0
3130,4.0
3131,1.0
3132,6.0
3133,7.0
3134,0.0
3135,2.0
3136,6.0
3137,7.0
3138,1.0
3139,6.0
3140,5.0
3141,2.0
3142,12.0
3143,2.0
3144,0.0
3145,4.0
3146,2.0
3147,15.0
3148,19.0
3149,9.0
3150,10.0
3151,0.0
3152,27.0
3153,8.0
3154,4.0
3155,3.0
3156,7.0
3157,13.0
3158,1.0
3159,0.0
3160,9.0
3161,3.0
3162,0.0
3163,0.0
3164,24.0
3165,3.0
3166,9.0
3167,0.0
3168,0.0
3169,4.0
3170,1.0
3171,0.0
3172,4.0
3173,0.0
3174,9.0
3175,7.0
3176,1.0
3177,2.0
3178,55.0
3179,0.0
3180,5.0
3181,157.0
3182,22.0
3183,35.0
3184,3.0
3185,3.0
3186,0.0
3187,2.0
3188,3.0
3189,3.0
3190,10.0
3191,26.0
3192,4.0
3193,26.0
3194,11.0
3195,8.0
3196,0.0
3197,9.0
3198,0.0
3199,1.0
3200,0.0
3201,4.0
3202,25.0
3203,7.0
3204,5.0
3205,0.0
3206,2.0
3207,6.0
3208,2.0
3209,3.0
3210,0.0
3211,11.0
3212,14.0
3213,2.0
3214,1.0
3215,0.0
3216,0.0
3217,4.0
3218,1.0
3219,0.0
3220,24.0
3221,6.0
3222,0.0
3223,0.0
3224,3.0
3225,0.0
3226,0.0
3227,2.0
3228,7.0
3229,6.0
3230,88.0
3231,0.0
3232,35.0
3233,6.0
3234,32.0
3235,4.0
3236,2.0
3237,5.0
3238,1.0
3239,0.0
3240,3.0
3241,25.0
3242,5.0
3243,0.0
3244,19.0
3245,1.0
3246,6.0
3247,0.0
3248,7.0
3249,2.0
3250,14.0
3251,20.0
3252,0.0
3253,27.0
3254,8.0
3255,0.0
3256,4.0
3257,1.0
3258,4.0
3259,50.0
3260,15.0
3261,6.0
3262,7.0
3263,37.0
3264,1.0
3265,4.0
3266,1.0
3267,0.0
3268,1.0
3269,16.0
3270,42.0
3271,4.0
3272,10.0
3273,11.0
3274,1.0
3275,44.0
3276,0.0
3277,1.0
3278,1.0
3279,1.0
3280,4.0
3281,11.0
3282,8.0
3283,2.0
3284,5.0
3285,0.0
3286,8.0
3287,21.0
3288,0.0
3289,7.0
3290,0.0
3291,5.0
3292,0.0
3293,8.0
3294,2.0
3295,1.0
3296,0.0
3297,0.0
3298,1.0
3299,6.0
3300,3.0
3301,6.0
3302,0.0
3303,0.0
3304,19.0
3305,16.0
3306,5.0
3307,10.0
3308,0.0
3309,2.0
3310,3.0
3311,3.0
3312,3.0
3313,3.0
3314,0.0
3315,2.0
3316,14.0
3317,40.0
3318,25.0
3319,0.0
3320,6.0
3321,0.0
3322,3.0
3323,14.0
3324,0.0
3325,40.0
3326,4.0
3327,4.0
3328,0.0
3329,3.0
3330,0.0
3331,0.0
3332,3.0
3333,0.0
3334,64.0
3335,0.0
3336,37.0
3337,4.0
3338,1.0
3339,6.0
3340,0.0
3341,3.0
3342,9.0
3343,16.0
3344,3.0
3345,5.0
3346,21.0
3347,2.0
3348,9.0
3349,0.0
3350,0.0
3351,0.0
3352,0.0
3353,5.0
3354,0.0
3355,1.0
3356,0.0
3357,5.0
3358,0.0
3359,1.0
3360,5.0
3361,2.0
3362,3.0
3363,1.0
3364,3.0
3365,7.0
3366,1.0
3367,8.0
3368,15.0
3369,0.0
3370,99.0
3371,15.0
3372,0.0
3373,0.0
3374,25.0
3375,3.0
3376,1.0
3377,0.0
3378,2.0
3379,2.0
3380,18.0
3381,5.0
3382,1.0
3383,10.0
3384,43.0
3385,11.0
3386,0.0
3387,0.0
3388,6.0
3389,1.0
3390,2.0
3391,10.0
3392,4.0
3393,2.0
3394,0.0
3395,26.0
3396,1.0
3397,2.0
3398,6.0
3399,11.0
3400,0.0
3401,20.0
3402,1.0
3403,38.0
3404,8.0
3405,14.0
3406,3.0
3407,0.0
3408,42.0
3409,7.0
3410,0.0
3411,3.0
3412,0.0
3413,14.0
3414,2.0
3415,3.0
3416,4.0
3417,1.0
3418,6.0
3419,0.0
3420,1.0
3421,4.0
3422,31.0
3423,0.0
3424,24.0
3425,3.0
3426,13.0
3427,1.0
3428,8.0
3429,0.0
3430,0.0
3431,0.0
3432,3.0
3433,1.0
3434,2.0
3435,0.0
3436,10.0
3437,3.0
3438,2.0
3439,0.0
3440,30.0
3441,7.0
3442,1.0
3443,3.0
3444,0.0
3445,2.0
3446,0.0
3447,0.0
3448,3.0
3449,0.0
3450,4.0
3451,4.0
3452,1.0
3453,2.0
3454,0.0
3455,9.0
3456,3.0
3457,0.0
3458,4.0
3459,0.0
3460,4.0
3461,97.0
3462,70.0
3463,3.0
3464,4.0
3465,74.0
3466,4.0
3467,9.0
3468,8.0
3469,1.0
3470,1.0
3471,0.0
3472,3.0
3473,0.0
3474,1.0
3475,1.0
3476,0.0
3477,2.0
3478,3.0
3479,12.0
3480,0.0
3481,1.0
3482,1.0
3483,18.0
3484,1.0
3485,16.0
3486,72.0
3487,1.0
3488,0.0
3489,12.0
3490,0.0
3491,8.0
3492,0.0
3493,8.0
3494,16.0
3495,6.0
3496,8.0
3497,4.0
3498,7.0
3499,2.0
3500,0.0
3501,3.0
3502,4.0
3503,2.0
3504,6.0
3505,1.0
3506,8.0
3507,0.0
3508,4.0
3509,1.0
3510,8.0
3511,17.0
3512,8.0
3513,10.0
3514,0.0
3515,14.0
3516,3.0
3517,42.0
3518,5.0
3519,37.0
3520,0.0
3521,5.0
3522,16.0
3523,6.0
3524,2.0
3525,7.0
3526,8.0
3527,0.0
3528,6.0
3529,0.0
3530,3.0
3531,0.0
3532,3.0
3533,0.0
3534,18.0
3535,6.0
3536,2.0
3537,1.0
3538,0.0
3539,0.0
3540,7.0
3541,5.0
3542,0.0
3543,4.0
3544,2.0
3545,6.0
3546,5.0
3547,5.0
3548,0.0
3549,2.0
3550,1.0
3551,0.0
3552,4.0
3553,3.0
3554,0.0
3555,3.0
3556,5.0
3557,0.0
3558,7.0
3559,20.0
3560,17.0
3561,29.0
3562,0.0
3563,67.0
3564,4.0
3565,6.0
3566,3.0
3567,1.0
3568,14.0
3569,0.0
3570,0.0
3571,4.0
3572,7.0
3573,35.0
3574,6.0
3575,30.0
3576,5.0
3577,1.0
3578,4.0
3579,0.0
3580,0.0
3581,5.0
3582,6.0
3583,2.0
3584,3.0
3585,1.0
3586,0.0
3587,0.0
3588,29.0
3589,0.0
3590,15.0
3591,0.0
3592,7.0
3593,4.0
3594,3.0
3595,1.0
3596,3.0
3597,2.0
3598,1.0
3599,3.0
3600,1.0
3601,11.0
3602,14.0
3603,12.0
3604,2.0
3605,0.0
3606,9.0
3607,4.0
3608,52.0
3609,6.0
3610,4.0
3611,36.0
3612,6.0
3613,2.0
3614,0.0
3615,1.0
3616,0.0
3617,8.0
3618,348.0
3619,0.0
3620,0.0
3621,21.0
3622,6.0
3623,0.0
3624,28.0
3625,1.0
3626,4.0
3627,0.0
3628,3.0
3629,4.0
3630,7.0
3631,60.0
3632,0.0
3633,19.0
3634,7.0
3635,0.0
3636,9.0
3637,12.0
3638,6.0
3639,33.0
3640,13.0
3641,1.0
3642,1.0
3643,2.0
3644,25.0
3645,12.0
3646,23.0
3647,15.0
3648,0.0
3649,2.0
3650,7.0
3651,10.0
3652,8.0
3653,7.0
3654,0.0
3655,28.0
3656,22.0
3657,9.0
3658,6.0
3659,2.0
3660,0.0
3661,0.0
3662,13.0
3663,1.0
3664,5.0
3665,3.0
3666,20.0
3667,2.0
3668,6.0
3669,6.0
3670,2.0
3671,10.0
3672,3.0
3673,0.0
3674,6.0
3675,6.0
3676,1.0
3677,0.0
3678,21.0
3679,1.0
3680,10.0
3681,1.0
3682,23.0
3683,0.0
3684,5.0
3685,2.0
3686,28.0
3687,0.0
3688,10.0
3689,10.0
3690,0.0
3691,10.0
3692,137.0
3693,1.0
3694,5.0
3695,1.0
3696,0.0
3697,7.0
3698,0.0
3699,6.0
3700,0.0
3701,0.0
3702,1.0
3703,0.0
3704,5.0
3705,2.0
3706,0.0
3707,3.0
3708,17.0
3709,50.0
3710,9.0
3711,0.0
3712,27.0
3713,5.0
3714,0.0
3715,7.0
3716,9.0
3717,4.0
3718,1.0
3719,0.0
3720,2.0
3721,2.0
3722,63.0
3723,1.0
3724,9.0
3725,6.0
3726,2.0
3727,1.0
3728,20.0
3729,16.0
3730,2.0
3731,5.0
3732,11.0
3733,1.0
3734,3.0
3735,5.0
3736,0.0
3737,46.0
3738,1.0
3739,0.0
3740,0.0
3741,5.0
3742,0.0
3743,5.0
3744,6.0
3745,8.0
3746,0.0
3747,0.0
3748,25.0
3749,3.0
3750,0.0
3751,6.0
3752,3.0
3753,18.0
3754,0.0
3755,0.0
3756,1.0
3757,1.0
3758,10.0
3759,11.0
3760,1.0
3761,0.0
3762,1.0
3763,2.0
3764,1.0
3765,4.0
3766,0.0
3767,0.0
3768,18.0
3769,1.0
3770,10.0
3771,8.0
3772,1.0
3773,4.0
3774,16.0
3775,7.0
3776,5.0
3777,5.0
3778,2.0
3779,10.0
3780,4.0
3781,19.0
3782,2.0
3783,5.0
3784,9.0
3785,2.0
3786,16.0
3787,7.0
3788,18.0
3789,2.0
3790,10.0
3791,1.0
3792,0.0
3793,0.0
3794,4.0
3795,2.0
3796,0.0
3797,0.0
3798,3.0
3799,4.0
3800,7.0
3801,2.0
3802,0.0
3803,13.0
3804,23.0
3805,0.0
3806,34.0
3807,0.0
3808,0.0
3809,2.0
3810,2.0
3811,0.0
3812,0.0
3813,16.0
3814,39.0
3815,1.0
3816,8.0
3817,18.0
3818,20.0
3819,6.0
3820,4.0
3821,0.0
3822,6.0
3823,1.0
3824,20.0
3825,0.0
3826,5.0
3827,56.0
3828,6.0
3829,0.0
3830,0.0
3831,11.0
3832,0.0
3833,29.0
3834,9.0
3835,5.0
3836,0.0
3837,1.0
3838,0.0
3839,10.0
3840,43.0
3841,2.0
3842,154.0
3843,3.0
3844,5.0
3845,3.0
3846,0.0
3847,1.0
3848,1.0
3849,5.0
3850,3.0
3851,0.0
3852,0.0
3853,1.0
3854,5.0
3855,43.0
3856,0.0
3857,17.0
3858,0.0
3859,2.0
3860,3.0
3861,7.0
3862,0.0
3863,11.0
3864,6.0
3865,128.0
3866,3.0
3867,17.0
3868,9.0
3869,0.0
3870,7.0
3871,195.0
3872,0.0
3873,0.0
3874,12.0
3875,8.0
3876,6.0
3877,0.0
3878,5.0
3879,2.0
3880,1.0
3881,25.0
3882,0.0
3883,4.0
3884,3.0
3885,1.0
3886,3.0
3887,1.0
3888,10.0
3889,43.0
3890,7.0
3891,14.0
3892,3.0
3893,4.0
3894,1.0
3895,0.0
3896,0.0
3897,59.0
3898,2.0
3899,1.0
3900,4.0
3901,1.0
3902,0.0
3903,42.0
3904,3.0
3905,31.0
3906,5.0
3907,1.0
3908,12.0
3909,8.0
3910,7.0
3911,1.0
3912,22.0
3913,0.0
3914,1.0
3915,1.0
3916,5.0
3917,0.0
3918,2.0
3919,1.0
3920,5.0
3921,0.0
3922,16.0
3923,38.0
3924,1.0
3925,5.0
3926,1.0
3927,1.0
3928,4.0
3929,14.0
3930,14.0
3931,6.0
3932,5.0
3933,0.0
3934,0.0
3935,6.0
3936,18.0
3937,14.0
3938,0.0
3939,2.0
3940,16.0
3941,11.0
3942,3.0
3943,1.0
3944,256.0
3945,7.0
3946,32.0
3947,0.0
3948,3.0
3949,0.0
3950,1.0
3951,57.0
3952,12.0
3953,106.0
3954,1.0
3955,17.0
3956,6.0
3957,62.0
3958,6.0
3959,43.0
3960,0.0
3961,3.0
3962,3.0
3963,2.0
3964,2.0
3965,2.0
3966,3.0
3967,0.0
3968,10.0
3969,3.0
3970,0.0
3971,13.0
3972,23.0
3973,3.0
3974,17.0
3975,0.0
3976,2.0
3977,0.0
3978,0.0
3979,2.0
3980,4.0
3981,6.0
3982,0.0
3983,0.0
3984,0.0
3985,2.0
3986,1.0
3987,5.0
3988,37.0
3989,5.0
3990,4.0
3991,2.0
3992,0.0
3993,0.0
3994,2.0
3995,1.0
3996,10.0
3997,1.0
3998,0.0
3999,0.0
4000,0.0
4001,5.0
4002,2.0
4003,2.0
4004,21.0
4005,0.0
4006,1.0
4007,7.0
4008,0.0
4009,0.0
4010,5.0
4011,1.0
4012,5.0
4013,2.0
4014,2.0
4015,37.0
4016,18.0
4017,1.0
4018,6.0
4019,22.0
4020,6.0
4021,5.0
4022,4.0
4023,55.0
4024,0.0
4025,0.0
4026,1.0
4027,0.0
4028,5.0
4029,46.0
4030,0.0
4031,0.0
4032,5.0
4033,9.0
4034,5.0
4035,20.0
4036,8.0
4037,6.0
4038,2.0
4039,17.0
4040,2.0
4041,7.0
4042,14.0
4043,10.0
4044,1.0
4045,19.0
4046,6.0
4047,3.0
4048,12.0
4049,6.0
4050,7.0
4051,4.0
4052,0.0
4053,9.0
4054,4.0
4055,0.0
4056,0.0
4057,0.0
4058,2.0
4059,4.0
4060,0.0
4061,3.0
4062,3.0
4063,0.0
4064,1.0
4065,1.0
4066,2.0
4067,0.0
4068,11.0
4069,8.0
4070,1.0
4071,0.0
4072,1.0
4073,2.0
4074,28.0
4075,7.0
4076,9.0
4077,123.0
4078,0.0
4079,43.0
4080,28.0
4081,109.0
4082,0.0
4083,6.0
4084,6.0
4085,3.0
4086,2.0
4087,1.0
4088,20.0
4089,28.0
4090,2.0
4091,0.0
4092,52.0
4093,27.0
4094,0.0
4095,5.0
4096,0.0
4097,38.0
4098,1.0
4099,1.0
4100,22.0
4101,49.0
4102,4.0
4103,21.0
4104,6.0
4105,29.0
4106,27.0
4107,0.0
4108,12.0
4109,22.0
4110,15.0
4111,14.0
4112,28.0
4113,32.0
4114,1.0
4115,1.0
4116,0.0
4117,2.0
4118,6.0
4119,3.0
4120,0.0
4121,0.0
4122,16.0
4123,0.0
4124,1.0
4125,9.0
4126,1.0
4127,1.0
4128,4.0
4129,10.0
4130,9.0
4131,0.0
4132,0.0
4133,1.0
4134,10.0
4135,3.0
4136,1.0
4137,0.0
4138,0.0
4139,0.0
4140,1.0
4141,1.0
4142,0.0
4143,6.0
4144,6.0
4145,6.0
4146,13.0
4147,6.0
4148,12.0
4149,37.0
4150,8.0
4151,4.0
4152,4.0
4153,1.0
4154,2.0
4155,30.0
4156,10.0
4157,30.0
4158,7.0
4159,15.0
4160,1.0
4161,7.0
4162,14.0
4163,5.0
4164,150.0
4165,9.0
4166,0.0
4167,14.0
4168,0.0
4169,3.0
4170,0.0
4171,0.0
4172,2.0
4173,0.0
4174,22.0
4175,1.0
4176,16.0
4177,14.0
4178,1.0
4179,0.0
4180,0.0
4181,5.0
4182,1.0
4183,28.0
4184,1.0
4185,3.0
4186,4.0
4187,21.0
4188,6.0
4189,7.0
4190,11.0
4191,8.0
4192,2.0
4193,7.0
4194,1.0
4195,7.0
4196,2.0
4197,0.0
4198,0.0
4199,11.0
4200,16.0
4201,94.0
4202,6.0
4203,8.0
4204,14.0
4205,0.0
4206,1.0
4207,40.0
4208,0.0
4209,0.0
4210,0.0
4211,55.0
4212,3.0
4213,10.0
4214,8.0
4215,1.0
4216,78.0
4217,2.0
4218,8.0
4219,0.0
4220,1.0
4221,0.0
4222,15.0
4223,4.0
4224,0.0
4225,0.0
4226,13.0
4227,6.0
4228,28.0
4229,6.0
4230,12.0
4231,9.0
4232,8.0
4233,9.0
4234,1.0
4235,1.0
4236,1.0
4237,8.0
4238,1.0
4239,4.0
4240,0.0
4241,0.0
4242,0.0
4243,9.0
4244,0.0
4245,1.0
4246,8.0
4247,3.0
4248,3.0
4249,0.0
4250,0.0
4251,0.0
4252,4.0
4253,4.0
4254,9.0
4255,9.0
4256,7.0
4257,4.0
4258,0.0
4259,1.0
4260,3.0
4261,11.0
4262,1.0
4263,4.0
4264,13.0
4265,1.0
4266,34.0
4267,1.0
4268,2.0
4269,1.0
4270,1.0
4271,18.0
4272,2.0
4273,5.0
4274,19.0
4275,84.0
4276,5.0
4277,45.0
4278,2.0
4279,4.0
4280,3.0
4281,0.0
4282,6.0
4283,0.0
4284,0.0
4285,8.0
4286,231.0
4287,22.0
4288,4.0
4289,2.0
4290,2.0
4291,0.0
4292,13.0
4293,18.0
4294,25.0
4295,55.0
4296,4.0
4297,4.0
4298,6.0
4299,0.0
4300,20.0
4301,3.0
4302,29.0
4303,0.0
4304,11.0
4305,12.0
4306,8.0
4307,3.0
4308,2.0
4309,0.0
4310,0.0
4311,19.0
4312,2.0
4313,0.0
4314,22.0
4315,3.0
4316,0.0
4317,0.0
4318,4.0
4319,2.0
4320,19.0
4321,14.0
4322,3.0
4323,0.0
4324,0.0
4325,16.0
4326,2.0
4327,17.0
4328,1.0
4329,62.0
4330,87.0
4331,7.0
4332,2.0
4333,1.0
4334,5.0
4335,0.0
4336,5.0
4337,212.0
4338,0.0
4339,1.0
4340,1.0
4341,22.0
4342,5.0
4343,3.0
4344,5.0
4345,10.0
4346,10.0
4347,10.0
4348,2.0
4349,32.0
4350,5.0
4351,8.0
4352,27.0
4353,1.0
4354,1.0
4355,5.0
4356,14.0
4357,11.0
4358,16.0
4359,1.0
4360,28.0
4361,9.0
4362,2.0
4363,0.0
4364,14.0
4365,4.0
4366,8.0
4367,18.0
4368,33.0
4369,4.0
4370,84.0
4371,10.0
4372,0.0
4373,5.0
4374,0.0
4375,6.0
4376,3.0
4377,0.0
4378,1.0
4379,3.0
4380,11.0
4381,1.0
4382,20.0
4383,10.0
4384,1.0
4385,4.0
4386,0.0
4387,2.0
4388,20.0
4389,101.0
4390,6.0
4391,6.0
4392,2.0
4393,0.0
4394,11.0
4395,13.0
4396,1.0
4397,6.0
4398,3.0
4399,6.0
4400,6.0
4401,0.0
4402,0.0
4403,4.0
4404,0.0
4405,0.0
4406,0.0
4407,11.0
4408,8.0
4409,10.0
4410,39.0
4411,1.0
4412,18.0
4413,3.0
4414,3.0
4415,9.0
4416,0.0
4417,2.0
4418,3.0
4419,82.0
4420,47.0
4421,0.0
4422,9.0
4423,16.0
4424,9.0
4425,2.0
4426,0.0
4427,0.0
4428,5.0
4429,2.0
4430,3.0
4431,12.0
4432,2.0
4433,104.0
4434,7.0
4435,4.0
4436,3.0
4437,0.0
4438,10.0
4439,6.0
4440,1.0
4441,31.0
4442,28.0
4443,12.0
4444,0.0
4445,0.0
4446,1.0
4447,4.0
4448,3.0
4449,0.0
4450,0.0
4451,12.0
4452,0.0
4453,1.0
4454,4.0
4455,3.0
4456,14.0
4457,2.0
4458,15.0
4459,1.0
4460,2.0
4461,0.0
4462,4.0
4463,7.0
4464,0.0
4465,1.0
4466,1.0
4467,5.0
4468,0.0
4469,9.0
4470,27.0
4471,0.0
4472,3.0
4473,6.0
4474,1.0
4475,1.0
4476,0.0
4477,7.0
4478,1.0
4479,19.0
4480,7.0
4481,1.0
4482,4.0
4483,11.0
4484,0.0
4485,0.0
4486,4.0
4487,0.0
4488,3.0
4489,5.0
4490,3.0
4491,2.0
4492,21.0
4493,6.0
4494,1.0
4495,0.0
4496,0.0
4497,15.0
4498,0.0
4499,3.0
4500,1.0
4501,1.0
4502,0.0
4503,16.0
4504,0.0
4505,0.0
4506,8.0
4507,9.0
4508,4.0
4509,1.0
4510,2.0
4511,13.0
4512,11.0
4513,18.0
4514,20.0
4515,10.0
4516,5.0
4517,0.0
4518,8.0
4519,13.0
4520,3.0
4521,17.0
4522,0.0
4523,0.0
4524,10.0
4525,0.0
4526,2.0
4527,0.0
4528,1.0
4529,1.0
4530,2.0
4531,1.0
4532,0.0
4533,0.0
4534,4.0
4535,36.0
4536,0.0
4537,8.0
4538,10.0
4539,15.0
4540,1.0
4541,0.0
4542,2.0
4543,1.0
4544,0.0
4545,0.0
4546,0.0
4547,1.0
4548,1.0
4549,1.0
4550,0.0
4551,8.0
4552,13.0
4553,1.0
4554,5.0
4555,13.0
4556,11.0
4557,13.0
4558,1.0
4559,12.0
4560,6.0
4561,5.0
4562,5.0
4563,4.0
4564,0.0
4565,178.0
4566,3.0
4567,45.0
4568,4.0
4569,2.0
4570,45.0
4571,6.0
4572,20.0
4573,8.0
4574,5.0
4575,6.0
4576,1.0
4577,2.0
4578,48.0
4579,4.0
4580,13.0
4581,15.0
4582,1.0
4583,0.0
4584,11.0
4585,44.0
4586,4.0
4587,4.0
4588,1.0
4589,12.0
4590,19.0
4591,8.0
4592,1.0
4593,1.0
4594,23.0
4595,3.0
4596,11.0
4597,17.0
4598,1.0
4599,0.0
4600,8.0
4601,7.0
4602,9.0
4603,9.0
4604,0.0
4605,10.0
4606,2.0
4607,51.0
4608,18.0
4609,21.0
4610,5.0
4611,0.0
4612,28.0
4613,8.0
4614,3.0
4615,30.0
4616,142.0
4617,2.0
4618,2.0
4619,13.0
4620,98.0
4621,1.0
4622,3.0
4623,4.0
4624,4.0
4625,172.0
4626,3.0
4627,169.0
4628,22.0
4629,3.0
4630,125.0
4631,7.0
4632,3.0
4633,14.0
4634,1.0
4635,4.0
4636,3.0
4637,5.0
4638,1.0
4639,0.0
4640,9.0
4641,0.0
4642,6.0
4643,1.0
4644,10.0
4645,7.0
4646,36.0
4647,0.0
4648,0.0
4649,23.0
4650,1.0
4651,0.0
4652,2.0
4653,37.0
4654,3.0
4655,2.0
4656,0.0
4657,27.0
4658,4.0
4659,0.0
4660,4.0
4661,22.0
4662,8.0
4663,2.0
4664,0.0
4665,14.0
4666,7.0
4667,9.0
4668,51.0
4669,3.0
4670,0.0
4671,1.0
4672,10.0
4673,0.0
4674,0.0
4675,0.0
4676,4.0
4677,50.0
4678,1.0
4679,1.0
4680,5.0
4681,5.0
4682,0.0
4683,1.0
4684,2.0
4685,7.0
4686,21.0
4687,3.0
4688,3.0
4689,0.0
4690,21.0
4691,7.0
4692,9.0
4693,134.0
4694,2.0
4695,0.0
4696,2.0
4697,0.0
4698,33.0
4699,1.0
4700,11.0
4701,2.0
4702,3.0
4703,4.0
4704,9.0
4705,3.0
4706,9.0
4707,5.0
4708,12.0
4709,13.0
4710,2.0
4711,1.0
4712,0.0
4713,3.0
4714,0.0
4715,0.0
4716,12.0
4717,9.0
4718,0.0
4719,0.0
4720,0.0
4721,17.0
4722,12.0
4723,2.0
4724,3.0
4725,2.0
4726,22.0
4727,38.0
4728,0.0
4729,1.0
4730,4.0
4731,0.0
4732,85.0
4733,2.0
4734,38.0
4735,8.0
4736,0.0
4737,7.0
4738,0.0
4739,15.0
4740,0.0
4741,7.0
4742,0.0
4743,0.0
4744,2.0
4745,1.0
4746,6.0
4747,3.0
4748,0.0
4749,13.0
4750,3.0
4751,2.0
4752,13.0
4753,13.0
